instance hosts processes threads workersPerProc totalWorkers runtime maxclique
brock400_1 1 1 2 1 1 249.505 27
brock400_1 1 1 2 1 1 258.256 27
brock400_1 1 1 5 4 4 213.462 27
brock800_3 1 1 5 4 4 2189.68 25
brock800_3 1 1 5 4 4 2080.74 25
brock800_3 1 1 5 4 4 2300.09 25
brock800_3 1 1 5 4 4 2264.09 25
brock800_3 1 1 5 4 4 2292.18 25
brock800_4 1 1 2 1 1 1039.95 26
brock800_4 1 1 2 1 1 1026 26
brock800_4 1 1 2 1 1 1042.32 26
brock800_4 1 1 2 1 1 1024.42 26
brock800_4 1 1 2 1 1 1028.04 26
brock400_1 1 1 5 4 4 228.925 27
brock800_4 1 1 3 2 2 754.49 26
brock800_4 1 1 3 2 2 802.441 26
brock800_4 1 1 3 2 2 821.011 26
brock800_4 1 1 3 2 2 802.986 26
brock800_4 1 1 3 2 2 788.886 26
brock800_4 1 1 5 4 4 666.945 26
brock800_4 1 1 5 4 4 707.447 26
brock800_4 1 1 5 4 4 638.025 26
brock800_4 1 1 5 4 4 648.094 26
brock800_4 1 1 5 4 4 645.144 26
brock400_1 1 1 5 4 4 219.801 27
p_hat500-3 1 1 2 1 1 115.798 50
p_hat500-3 1 1 2 1 1 115.447 50
p_hat500-3 1 1 2 1 1 116.129 50
p_hat500-3 1 1 2 1 1 117.042 50
p_hat500-3 1 1 2 1 1 116.982 50
p_hat500-3 1 1 3 2 2 69.859 50
p_hat500-3 1 1 3 2 2 70.418 50
p_hat500-3 1 1 3 2 2 72.497 50
p_hat500-3 1 1 3 2 2 74.375 50
p_hat500-3 1 1 3 2 2 70.259 50
brock400_1 1 1 5 4 4 239.56 27
p_hat500-3 1 1 5 4 4 91.38 50
p_hat500-3 1 1 5 4 4 92.778 50
p_hat500-3 1 1 5 4 4 96.962 50
p_hat500-3 1 1 5 4 4 94.805 50
p_hat500-3 1 1 5 4 4 95.864 50
p_hat700-3 1 1 2 1 1 1102.08 62
p_hat700-3 1 1 2 1 1 1102.28 62
p_hat700-3 1 1 2 1 1 1099.7 62
p_hat700-3 1 1 2 1 1 1101.77 62
p_hat700-3 1 1 2 1 1 1107.99 62
brock400_1 1 1 5 4 4 213.533 27
p_hat700-3 1 1 3 2 2 640.927 62
p_hat700-3 1 1 3 2 2 631.653 62
p_hat700-3 1 1 3 2 2 626.341 62
p_hat700-3 1 1 3 2 2 632.328 62
p_hat700-3 1 1 3 2 2 655.101 62
p_hat700-3 1 1 5 4 4 852.589 62
p_hat700-3 1 1 5 4 4 883.62 62
p_hat700-3 1 1 5 4 4 904.407 62
p_hat700-3 1 1 5 4 4 842.706 62
p_hat700-3 1 1 5 4 4 863.744 62
brock400_2 1 1 2 1 1 190.69 29
sanr200_0.9 1 1 2 1 1 27.462 42
sanr200_0.9 1 1 2 1 1 28.223 42
sanr200_0.9 1 1 2 1 1 28.419 42
sanr200_0.9 1 1 2 1 1 27.808 42
sanr200_0.9 1 1 2 1 1 27.968 42
sanr200_0.9 1 1 3 2 2 24.194 42
sanr200_0.9 1 1 3 2 2 22.873 42
sanr200_0.9 1 1 3 2 2 21.324 42
sanr200_0.9 1 1 3 2 2 21.66 42
sanr200_0.9 1 1 3 2 2 21.124 42
brock400_2 1 1 2 1 1 189.371 29
sanr200_0.9 1 1 5 4 4 23.088 42
sanr200_0.9 1 1 5 4 4 32 42
sanr200_0.9 1 1 5 4 4 23.45 42
sanr200_0.9 1 1 5 4 4 28.609 42
sanr200_0.9 1 1 5 4 4 24.594 42
sanr400_0.7 1 1 2 1 1 69.429 21
sanr400_0.7 1 1 2 1 1 68.578 21
sanr400_0.7 1 1 2 1 1 69.398 21
sanr400_0.7 1 1 2 1 1 69.951 21
sanr400_0.7 1 1 2 1 1 68.79 21
brock400_2 1 1 2 1 1 179.112 29
sanr400_0.7 1 1 3 2 2 50.08 21
sanr400_0.7 1 1 3 2 2 51.608 21
sanr400_0.7 1 1 3 2 2 51.203 21
sanr400_0.7 1 1 3 2 2 51.057 21
sanr400_0.7 1 1 3 2 2 49.079 21
sanr400_0.7 1 1 5 4 4 57.506 21
sanr400_0.7 1 1 5 4 4 55.679 21
sanr400_0.7 1 1 5 4 4 53.744 21
sanr400_0.7 1 1 5 4 4 54.427 21
sanr400_0.7 1 1 5 4 4 56.256 21
brock400_2 1 1 2 1 1 184.103 29
brock400_1 2 2 5 4 8 88.357 27
brock400_1 2 2 5 4 8 86.43 27
brock400_1 2 2 5 4 8 79.926 27
brock400_1 2 2 5 4 8 89.89 27
brock400_1 2 2 5 4 8 88.163 27
brock400_2 2 2 5 4 8 43.601 29
brock400_2 2 2 5 4 8 43.375 29
brock400_2 2 2 5 4 8 43.697 29
brock400_2 2 2 5 4 8 43.232 29
brock400_2 2 2 5 4 8 46.472 29
brock400_2 1 1 2 1 1 183.944 29
brock400_3 2 2 5 4 8 38.185 31
brock400_3 2 2 5 4 8 37.985 31
brock400_3 2 2 5 4 8 40.019 31
brock400_3 2 2 5 4 8 39.557 31
brock400_3 2 2 5 4 8 38.628 31
brock400_4 2 2 5 4 8 17.544 33
brock400_4 2 2 5 4 8 17.243 33
brock400_4 2 2 5 4 8 17.953 33
brock400_4 2 2 5 4 8 16.209 33
brock400_4 2 2 5 4 8 17.251 33
brock400_1 1 1 2 1 1 252.598 27
brock400_2 1 1 3 2 2 147.688 29
brock800_1 2 2 5 4 8 822.31 23
brock800_1 2 2 5 4 8 802.355 23
brock800_1 2 2 5 4 8 815.252 23
brock800_1 2 2 5 4 8 815.651 23
brock800_1 2 2 5 4 8 813.168 23
brock800_2 2 2 5 4 8 802.697 24
brock800_2 2 2 5 4 8 905.825 24
brock800_2 2 2 5 4 8 848.458 24
brock800_2 2 2 5 4 8 830.329 24
brock800_2 2 2 5 4 8 857.591 24
brock400_2 1 1 3 2 2 144.626 29
brock800_3 2 2 5 4 8 628.292 25
brock800_3 2 2 5 4 8 736.534 25
brock800_3 2 2 5 4 8 842.149 25
brock800_3 2 2 5 4 8 847.989 25
brock800_3 2 2 5 4 8 653.882 25
brock800_4 2 2 5 4 8 297.033 26
brock800_4 2 2 5 4 8 237.002 26
brock800_4 2 2 5 4 8 380.4 26
brock800_4 2 2 5 4 8 298.597 26
brock800_4 2 2 5 4 8 238.789 26
brock400_2 1 1 3 2 2 136.594 29
p_hat500-3 2 2 5 4 8 17.817 50
p_hat500-3 2 2 5 4 8 20.09 50
p_hat500-3 2 2 5 4 8 19.199 50
p_hat500-3 2 2 5 4 8 16.872 50
p_hat500-3 2 2 5 4 8 19.375 50
p_hat700-3 2 2 5 4 8 196.727 62
p_hat700-3 2 2 5 4 8 195.311 62
p_hat700-3 2 2 5 4 8 220.551 62
p_hat700-3 2 2 5 4 8 180.266 62
p_hat700-3 2 2 5 4 8 173.878 62
brock400_2 1 1 3 2 2 148.922 29
sanr200_0.9 2 2 5 4 8 7.499 42
sanr200_0.9 2 2 5 4 8 7.914 42
sanr200_0.9 2 2 5 4 8 11.599 42
sanr200_0.9 2 2 5 4 8 6.742 42
sanr200_0.9 2 2 5 4 8 8.086 42
sanr400_0.7 2 2 5 4 8 18.76 21
sanr400_0.7 2 2 5 4 8 18.281 21
sanr400_0.7 2 2 5 4 8 18.288 21
sanr400_0.7 2 2 5 4 8 18.475 21
sanr400_0.7 2 2 5 4 8 19.349 21
brock400_2 1 1 3 2 2 139.995 29
brock400_1 4 8 5 4 32 17.417 27
brock400_1 4 8 5 4 32 16.94 27
brock400_1 4 8 5 4 32 18.649 27
brock400_1 4 8 5 4 32 9.088 27
brock400_1 4 8 5 4 32 17.762 27
brock400_2 4 8 5 4 32 10.291 29
brock400_2 4 8 5 4 32 11.5 29
brock400_2 4 8 5 4 32 13.229 29
brock400_2 4 8 5 4 32 9.261 29
brock400_2 4 8 5 4 32 11.539 29
brock400_2 1 1 5 4 4 147.329 29
brock400_3 4 8 5 4 32 5.026 31
brock400_3 4 8 5 4 32 11.193 31
brock400_3 4 8 5 4 32 9.249 31
brock400_3 4 8 5 4 32 2.965 31
brock400_3 4 8 5 4 32 11.238 31
brock400_4 4 8 5 4 32 6.65 33
brock400_4 4 8 5 4 32 7.511 33
brock400_4 4 8 5 4 32 2.011 33
brock400_4 4 8 5 4 32 5.916 33
brock400_4 4 8 5 4 32 8.122 33
brock400_2 1 1 5 4 4 147.202 29
brock800_1 4 8 5 4 32 200.785 23
brock800_1 4 8 5 4 32 196.523 23
brock800_1 4 8 5 4 32 191.75 23
brock800_1 4 8 5 4 32 146.949 23
brock800_1 4 8 5 4 32 181.47 23
brock800_2 4 8 5 4 32 194.559 24
brock800_2 4 8 5 4 32 202.003 24
brock800_2 4 8 5 4 32 203.708 24
brock800_2 4 8 5 4 32 185.885 24
brock800_2 4 8 5 4 32 197.173 24
brock400_2 1 1 5 4 4 147.183 29
brock800_3 4 8 5 4 32 196.659 25
brock800_3 4 8 5 4 32 62.812 25
brock800_3 4 8 5 4 32 81.437 25
brock800_3 4 8 5 4 32 211.13 25
brock800_3 4 8 5 4 32 186.029 25
brock800_4 4 8 5 4 32 79.452 26
brock800_4 4 8 5 4 32 61.284 26
brock800_4 4 8 5 4 32 99.921 26
brock800_4 4 8 5 4 32 72.194 26
brock800_4 4 8 5 4 32 73.403 26
brock400_2 1 1 5 4 4 153.787 29
p_hat500-3 4 8 5 4 32 7.097 50
p_hat500-3 4 8 5 4 32 5.651 50
p_hat500-3 4 8 5 4 32 5.02 50
p_hat500-3 4 8 5 4 32 5.044 50
p_hat500-3 4 8 5 4 32 6.204 50
p_hat700-3 4 8 5 4 32 57.548 62
p_hat700-3 4 8 5 4 32 57.692 62
p_hat700-3 4 8 5 4 32 41.986 62
p_hat700-3 4 8 5 4 32 55.35 62
p_hat700-3 4 8 5 4 32 49.693 62
brock400_2 1 1 5 4 4 130 29
sanr200_0.9 4 8 5 4 32 1.705 42
sanr200_0.9 4 8 5 4 32 1.804 42
sanr200_0.9 4 8 5 4 32 2.106 42
sanr200_0.9 4 8 5 4 32 1.508 42
sanr200_0.9 4 8 5 4 32 1.795 42
sanr400_0.7 4 8 5 4 32 4.702 21
sanr400_0.7 4 8 5 4 32 4.344 21
sanr400_0.7 4 8 5 4 32 4.222 21
sanr400_0.7 4 8 5 4 32 4.404 21
sanr400_0.7 4 8 5 4 32 4.36 21
brock400_1 1 1 2 1 1 247.667 27
brock400_3 1 1 2 1 1 147.832 31
brock400_1 8 16 5 4 64 13.238 27
brock400_1 8 16 5 4 64 10.423 27
brock400_1 8 16 5 4 64 7.521 27
brock400_1 8 16 5 4 64 6.185 27
brock400_1 8 16 5 4 64 6.525 27
brock400_2 8 16 5 4 64 7.752 29
brock400_2 8 16 5 4 64 10.423 29
brock400_2 8 16 5 4 64 7.429 29
brock400_2 8 16 5 4 64 8.322 29
brock400_2 8 16 5 4 64 8.173 29
brock400_3 1 1 2 1 1 149.091 31
brock400_3 8 16 5 4 64 4.731 31
brock400_3 8 16 5 4 64 3.235 31
brock400_3 8 16 5 4 64 3.926 31
brock400_3 8 16 5 4 64 7.51 31
brock400_3 8 16 5 4 64 6.388 31
brock400_4 8 16 5 4 64 4.902 33
brock400_4 8 16 5 4 64 1.96 33
brock400_4 8 16 5 4 64 4.422 33
brock400_4 8 16 5 4 64 4.752 33
brock400_4 8 16 5 4 64 1.749 33
brock400_3 1 1 2 1 1 149.51 31
brock800_1 8 16 5 4 64 79.603 23
brock800_1 8 16 5 4 64 100.496 23
brock800_1 8 16 5 4 64 77.314 23
brock800_1 8 16 5 4 64 74.737 23
brock800_1 8 16 5 4 64 96.977 23
brock800_2 8 16 5 4 64 87.005 24
brock800_2 8 16 5 4 64 77.455 24
brock800_2 8 16 5 4 64 65.296 24
brock800_2 8 16 5 4 64 98.334 24
brock800_2 8 16 5 4 64 74.998 24
brock400_3 1 1 2 1 1 156.109 31
brock800_3 8 16 5 4 64 85.944 25
brock800_3 8 16 5 4 64 72.105 25
brock800_3 8 16 5 4 64 77.452 25
brock800_3 8 16 5 4 64 72.912 25
brock800_3 8 16 5 4 64 96.197 25
brock800_4 8 16 5 4 64 36.844 26
brock800_4 8 16 5 4 64 43.735 26
brock800_4 8 16 5 4 64 40.854 26
brock800_4 8 16 5 4 64 58.872 26
brock800_4 8 16 5 4 64 28.291 26
brock400_3 1 1 2 1 1 153.847 31
p_hat500-3 8 16 5 4 64 3.415 50
p_hat500-3 8 16 5 4 64 4.208 50
p_hat500-3 8 16 5 4 64 5.163 50
p_hat500-3 8 16 5 4 64 4.018 50
p_hat500-3 8 16 5 4 64 4.526 50
p_hat700-3 8 16 5 4 64 32.302 62
p_hat700-3 8 16 5 4 64 27.296 62
p_hat700-3 8 16 5 4 64 33.612 62
p_hat700-3 8 16 5 4 64 33.414 62
p_hat700-3 8 16 5 4 64 31.734 62
brock400_3 1 1 3 2 2 113.863 31
sanr200_0.9 8 16 5 4 64 1.059 42
sanr200_0.9 8 16 5 4 64 1.055 42
sanr200_0.9 8 16 5 4 64 0.984 42
sanr200_0.9 8 16 5 4 64 1.209 42
sanr200_0.9 8 16 5 4 64 1.071 42
sanr400_0.7 8 16 5 4 64 3.132 21
sanr400_0.7 8 16 5 4 64 3.032 21
sanr400_0.7 8 16 5 4 64 3.138 21
sanr400_0.7 8 16 5 4 64 3.207 21
sanr400_0.7 8 16 5 4 64 3.17 21
brock400_3 1 1 3 2 2 121.727 31
brock400_1 16 32 5 4 128 7.129 27
brock400_1 16 32 5 4 128 8.502 27
brock400_1 16 32 5 4 128 4.752 27
brock400_1 16 32 5 4 128 6.048 27
brock400_1 16 32 5 4 128 3.588 27
brock400_2 16 32 5 4 128 2.835 29
brock400_2 16 32 5 4 128 4.049 29
brock400_2 16 32 5 4 128 6.898 29
brock400_2 16 32 5 4 128 5.287 29
brock400_2 16 32 5 4 128 8.424 29
brock400_3 1 1 3 2 2 121.614 31
brock400_3 16 32 5 4 128 3.992 31
brock400_3 16 32 5 4 128 3.507 31
brock400_3 16 32 5 4 128 2.846 31
brock400_3 16 32 5 4 128 3.3 31
brock400_3 16 32 5 4 128 3.081 31
brock400_4 16 32 5 4 128 2.333 33
brock400_4 16 32 5 4 128 2.061 33
brock400_4 16 32 5 4 128 5.456 33
brock400_4 16 32 5 4 128 2.052 33
brock400_4 16 32 5 4 128 3.589 33
brock400_3 1 1 3 2 2 120.004 31
brock800_1 16 32 5 4 128 63.094 23
brock800_1 16 32 5 4 128 58.271 23
brock800_1 16 32 5 4 128 58.956 23
brock800_1 16 32 5 4 128 79.714 23
brock800_1 16 32 5 4 128 52.172 23
brock800_2 16 32 5 4 128 71.902 24
brock800_2 16 32 5 4 128 50.723 24
brock800_2 16 32 5 4 128 57.025 24
brock800_2 16 32 5 4 128 46.573 24
brock800_2 16 32 5 4 128 45.051 24
brock400_3 1 1 3 2 2 124.006 31
brock800_3 16 32 5 4 128 36.999 25
brock800_3 16 32 5 4 128 40.274 25
brock800_3 16 32 5 4 128 66.284 25
brock800_3 16 32 5 4 128 38.488 25
brock800_3 16 32 5 4 128 45.445 25
brock800_4 16 32 5 4 128 21.337 26
brock800_4 16 32 5 4 128 23.208 26
brock800_4 16 32 5 4 128 42.426 26
brock800_4 16 32 5 4 128 33.956 26
brock800_4 16 32 5 4 128 41.951 26
brock400_1 1 1 2 1 1 248.465 27
brock400_3 1 1 5 4 4 115.897 31
p_hat500-3 16 32 5 4 128 4.399 50
p_hat500-3 16 32 5 4 128 4.527 50
p_hat500-3 16 32 5 4 128 4.501 50
p_hat500-3 16 32 5 4 128 4.861 50
p_hat500-3 16 32 5 4 128 5.103 50
p_hat700-3 16 32 5 4 128 26.28 62
p_hat700-3 16 32 5 4 128 19.847 62
p_hat700-3 16 32 5 4 128 23.023 62
p_hat700-3 16 32 5 4 128 19.524 62
p_hat700-3 16 32 5 4 128 25.263 62
brock400_3 1 1 5 4 4 123.197 31
sanr200_0.9 16 32 5 4 128 0.972 42
sanr200_0.9 16 32 5 4 128 0.938 42
sanr200_0.9 16 32 5 4 128 2.053 42
sanr200_0.9 16 32 5 4 128 1.1 42
sanr200_0.9 16 32 5 4 128 0.804 42
sanr400_0.7 16 32 5 4 128 5.818 21
sanr400_0.7 16 32 5 4 128 4.836 21
sanr400_0.7 16 32 5 4 128 2.877 21
sanr400_0.7 16 32 5 4 128 3.461 21
sanr400_0.7 16 32 5 4 128 3.923 21
brock400_3 1 1 5 4 4 115.691 31
brock400_1 17 50 5 4 200 5.623 27
brock400_1 17 50 5 4 200 7.395 27
brock400_1 17 50 5 4 200 3.452 27
brock400_1 17 50 5 4 200 4.643 27
brock400_1 17 50 5 4 200 4.509 27
brock400_2 17 50 5 4 200 5.028 29
brock400_2 17 50 5 4 200 13.45 29
brock400_2 17 50 5 4 200 3.726 29
brock400_2 17 50 5 4 200 6.577 29
brock400_2 17 50 5 4 200 3.648 29
brock400_3 1 1 5 4 4 107.797 31
brock400_3 17 50 5 4 200 2.701 31
brock400_3 17 50 5 4 200 5.096 31
brock400_3 17 50 5 4 200 2.818 31
brock400_3 17 50 5 4 200 2.528 31
brock400_3 17 50 5 4 200 2.978 31
brock400_4 17 50 5 4 200 6.231 33
brock400_4 17 50 5 4 200 3.407 33
brock400_4 17 50 5 4 200 6.151 33
brock400_4 17 50 5 4 200 2.429 33
brock400_4 17 50 5 4 200 4.687 33
brock400_3 1 1 5 4 4 117.715 31
brock800_1 17 50 5 4 200 32.292 23
brock800_1 17 50 5 4 200 42.978 23
brock800_1 17 50 5 4 200 42.574 23
brock800_1 17 50 5 4 200 60.301 23
brock800_1 17 50 5 4 200 52.296 23
brock800_2 17 50 5 4 200 45.92 24
brock800_2 17 50 5 4 200 53.839 24
brock800_2 17 50 5 4 200 23.285 24
brock800_2 17 50 5 4 200 35.73 24
brock800_2 17 50 5 4 200 45.347 24
brock400_4 1 1 2 1 1 75.857 33
brock800_3 17 50 5 4 200 48.643 25
brock800_3 17 50 5 4 200 22.641 25
brock800_3 17 50 5 4 200 28.326 25
brock800_3 17 50 5 4 200 35.016 25
brock800_3 17 50 5 4 200 36.822 25
brock800_4 17 50 5 4 200 39.036 26
brock800_4 17 50 5 4 200 24.994 26
brock800_4 17 50 5 4 200 27.687 26
brock800_4 17 50 5 4 200 20.887 26
brock800_4 17 50 5 4 200 16.898 26
brock400_4 1 1 2 1 1 70.066 33
p_hat500-3 17 50 5 4 200 4.418 50
p_hat500-3 17 50 5 4 200 6.719 50
p_hat500-3 17 50 5 4 200 6.068 50
p_hat500-3 17 50 5 4 200 6.702 50
p_hat500-3 17 50 5 4 200 10.437 50
p_hat700-3 17 50 5 4 200 27.991 62
p_hat700-3 17 50 5 4 200 26.634 62
p_hat700-3 17 50 5 4 200 21.726 62
p_hat700-3 17 50 5 4 200 22.617 62
p_hat700-3 17 50 5 4 200 29.929 62
brock400_4 1 1 2 1 1 76.343 33
sanr200_0.9 17 50 5 4 200 1.547 42
sanr200_0.9 17 50 5 4 200 1.127 42
sanr200_0.9 17 50 5 4 200 1.743 42
sanr200_0.9 17 50 5 4 200 1.822 42
sanr200_0.9 17 50 5 4 200 1.055 42
sanr400_0.7 17 50 5 4 200 2.638 21
sanr400_0.7 17 50 5 4 200 2.64 21
sanr400_0.7 17 50 5 4 200 3.292 21
sanr400_0.7 17 50 5 4 200 3.751 21
sanr400_0.7 17 50 5 4 200 2.63 21
brock400_4 1 1 2 1 1 73.472 33
brock400_4 1 1 2 1 1 80.948 33
brock400_1 1 1 3 2 2 186.148 27
brock400_4 1 1 3 2 2 59.597 33
brock400_4 1 1 3 2 2 63.135 33
brock400_4 1 1 3 2 2 59.524 33
brock400_4 1 1 3 2 2 61.941 33
brock400_4 1 1 3 2 2 61.728 33
brock400_4 1 1 5 4 4 59.457 33
brock400_4 1 1 5 4 4 55.454 33
brock400_4 1 1 5 4 4 58.856 33
brock400_4 1 1 5 4 4 52.869 33
brock400_4 1 1 5 4 4 56.381 33
brock400_1 1 1 3 2 2 175.665 27
brock800_1 1 1 2 1 1 3049.58 23
brock800_1 1 1 2 1 1 3041.87 23
brock800_1 1 1 2 1 1 3048.69 23
brock800_1 1 1 2 1 1 3039.21 23
brock800_1 1 1 2 1 1 3041.59 23
brock800_1 1 1 3 2 2 2256.6 23
brock800_1 1 1 3 2 2 2307.68 23
brock800_1 1 1 3 2 2 2264.43 23
brock800_1 1 1 3 2 2 2276.69 23
brock800_1 1 1 3 2 2 2244.68 23
brock400_1 1 1 3 2 2 187.884 27
brock800_1 1 1 5 4 4 2136.57 23
brock800_1 1 1 5 4 4 2199.01 23
brock800_1 1 1 5 4 4 2115.95 23
brock800_1 1 1 5 4 4 2218.56 23
brock800_1 1 1 5 4 4 2192.48 23
brock800_2 1 1 2 1 1 3082.04 24
brock800_2 1 1 2 1 1 3099.2 24
brock800_2 1 1 2 1 1 3091.1 24
brock800_2 1 1 2 1 1 3107.43 24
brock800_2 1 1 2 1 1 3076.1 24
brock400_1 1 1 3 2 2 198.167 27
brock800_2 1 1 3 2 2 2408.19 24
brock800_2 1 1 3 2 2 2428.5 24
brock800_2 1 1 3 2 2 2372.39 24
brock800_2 1 1 3 2 2 2353.69 24
brock800_2 1 1 3 2 2 2464.14 24
brock800_2 1 1 5 4 4 2409.66 24
brock800_2 1 1 5 4 4 2195.49 24
brock800_2 1 1 5 4 4 2147.94 24
brock800_2 1 1 5 4 4 2328.66 24
brock800_2 1 1 5 4 4 2230.44 24
brock400_1 1 1 3 2 2 181.814 27
brock800_3 1 1 2 1 1 2884.72 25
brock800_3 1 1 2 1 1 2881.09 25
brock800_3 1 1 2 1 1 2829.09 25
brock800_3 1 1 2 1 1 2885.39 25
brock800_3 1 1 2 1 1 2893.7 25
brock800_3 1 1 3 2 2 2254.76 25
brock800_3 1 1 3 2 2 2244.66 25
brock800_3 1 1 3 2 2 2175.1 25
brock800_3 1 1 3 2 2 2183.14 25
brock800_3 1 1 3 2 2 2168.98 25
p_hat1000-2 1 1 2 1 1 146.798 46
p_hat1000-2 1 1 2 1 1 147.409 46
p_hat1000-2 1 1 2 1 1 147.536 46
p_hat1000-2 1 1 2 1 1 148.816 46
p_hat1000-2 1 1 2 1 1 149.568 46
p_hat1000-2 1 1 3 2 2 84.134 46
p_hat1000-2 1 1 3 2 2 84.684 46
p_hat1000-2 1 1 3 2 2 85.114 46
p_hat1000-2 1 1 3 2 2 85.479 46
p_hat1000-2 1 1 3 2 2 86.387 46
p_hat1000-2 1 1 5 4 4 112.263 46
p_hat1000-2 1 1 5 4 4 112.505 46
p_hat1000-2 1 1 5 4 4 115.566 46
p_hat1000-2 1 1 5 4 4 116.317 46
p_hat1000-2 1 1 5 4 4 116.765 46
p_hat1000-2 16 32 5 4 128 15.129 46
p_hat1000-2 16 32 5 4 128 8.067 46
p_hat1000-2 16 32 5 4 128 8.88 46
p_hat1000-2 16 32 5 4 128 9.251 46
p_hat1000-2 16 32 5 4 128 9.974 46
p_hat1000-2 17 50 5 4 200 10.357 46
p_hat1000-2 17 50 5 4 200 11.528 46
p_hat1000-2 17 50 5 4 200 11.637 46
p_hat1000-2 17 50 5 4 200 15.667 46
p_hat1000-2 17 50 5 4 200 9.232 46
p_hat1000-2 2 2 5 4 8 25.618 46
p_hat1000-2 2 2 5 4 8 27.094 46
p_hat1000-2 2 2 5 4 8 28.263 46
p_hat1000-2 2 2 5 4 8 32.723 46
p_hat1000-2 2 2 5 4 8 33.844 46
p_hat1000-2 4 8 5 4 32 6.925 46
p_hat1000-2 4 8 5 4 32 7.332 46
p_hat1000-2 4 8 5 4 32 7.433 46
p_hat1000-2 4 8 5 4 32 7.648 46
p_hat1000-2 4 8 5 4 32 8.063 46
p_hat1000-2 8 16 5 4 64 5.901 46
p_hat1000-2 8 16 5 4 64 6.51 46
p_hat1000-2 8 16 5 4 64 6.547 46
p_hat1000-2 8 16 5 4 64 7.707 46
p_hat1000-2 8 16 5 4 64 9.734 46
brock800_2 1 1 5 4 4 2751.45 24
brock800_2 1 1 5 4 4 2645.51 24
brock800_2 1 1 5 4 4 2638.32 24
brock800_2 1 1 5 4 4 2725.84 24
brock800_2 1 1 5 4 4 2649.43 24
brock800_3 1 1 2 1 1 3358.91 25
brock800_3 1 1 2 1 1 3403.13 25
brock800_3 1 1 2 1 1 3387.08 25
brock800_3 1 1 2 1 1 3388.24 25
brock800_3 1 1 2 1 1 3393.26 25
brock800_3 1 1 3 2 2 2575.24 25
brock800_3 1 1 3 2 2 2702.54 25
brock800_3 1 1 3 2 2 2624.24 25
brock800_3 1 1 3 2 2 2732.31 25
brock800_3 1 1 3 2 2 2716.6 25
brock800_3 1 1 5 4 4 2729.24 25
brock800_3 1 1 5 4 4 2737.02 25
brock800_3 1 1 5 4 4 2737.51 25
brock800_3 1 1 5 4 4 2942.17 25
brock800_3 1 1 5 4 4 2366.54 25
brock800_4 1 1 2 1 1 1220.32 26
brock800_4 1 1 2 1 1 1239.32 26
brock800_4 1 1 2 1 1 1237.36 26
brock800_4 1 1 2 1 1 1218.03 26
brock800_4 1 1 2 1 1 1225.33 26
brock800_4 1 1 3 2 2 946.17 26
brock800_4 1 1 3 2 2 964.165 26
brock800_4 1 1 3 2 2 948.608 26
brock800_4 1 1 3 2 2 914.029 26
brock800_4 1 1 3 2 2 942.861 26
brock800_4 1 1 5 4 4 808.404 26
brock800_4 1 1 5 4 4 764.636 26
brock800_4 1 1 5 4 4 788.297 26
brock800_4 1 1 5 4 4 730.606 26
brock800_4 1 1 5 4 4 826.413 26
p_hat500-3 1 1 2 1 1 147.554 50
p_hat500-3 1 1 2 1 1 150.415 50
p_hat500-3 1 1 2 1 1 150.245 50
p_hat500-3 1 1 2 1 1 147.606 50
p_hat500-3 1 1 2 1 1 149.021 50
p_hat500-3 1 1 3 2 2 94.029 50
p_hat500-3 1 1 3 2 2 98.62 50
p_hat500-3 1 1 3 2 2 91.681 50
p_hat500-3 1 1 3 2 2 97.407 50
p_hat500-3 1 1 3 2 2 94.355 50
p_hat500-3 1 1 5 4 4 124.426 50
p_hat500-3 1 1 5 4 4 119.101 50
p_hat500-3 1 1 5 4 4 125.861 50
p_hat500-3 1 1 5 4 4 120.406 50
p_hat500-3 1 1 5 4 4 125.725 50
brock400_1 1 1 2 1 1 318.452 27
p_hat700-3 1 1 2 1 1 1378.03 62
p_hat700-3 1 1 2 1 1 1368.33 62
p_hat700-3 1 1 2 1 1 1363.14 62
p_hat700-3 1 1 2 1 1 1359.99 62
p_hat700-3 1 1 2 1 1 1371.92 62
p_hat700-3 1 1 3 2 2 788.428 62
p_hat700-3 1 1 3 2 2 792.484 62
p_hat700-3 1 1 3 2 2 808.451 62
p_hat700-3 1 1 3 2 2 791.169 62
p_hat700-3 1 1 3 2 2 782.348 62
brock400_1 1 1 2 1 1 317.913 27
p_hat700-3 1 1 5 4 4 1035.66 62
p_hat700-3 1 1 5 4 4 1061.77 62
p_hat700-3 1 1 5 4 4 1062.12 62
p_hat700-3 1 1 5 4 4 1067.43 62
p_hat700-3 1 1 5 4 4 1055.34 62
sanr200_0.9 1 1 2 1 1 39.966 42
sanr200_0.9 1 1 2 1 1 40.727 42
sanr200_0.9 1 1 2 1 1 39.358 42
sanr200_0.9 1 1 2 1 1 40.319 42
sanr200_0.9 1 1 2 1 1 41.026 42
brock400_1 1 1 2 1 1 324.612 27
sanr200_0.9 1 1 3 2 2 31.099 42
sanr200_0.9 1 1 3 2 2 31.297 42
sanr200_0.9 1 1 3 2 2 33.31 42
sanr200_0.9 1 1 3 2 2 30.991 42
sanr200_0.9 1 1 3 2 2 30.568 42
sanr200_0.9 1 1 5 4 4 41.571 42
sanr200_0.9 1 1 5 4 4 33.162 42
sanr200_0.9 1 1 5 4 4 33.709 42
sanr200_0.9 1 1 5 4 4 31.255 42
sanr200_0.9 1 1 5 4 4 31.748 42
brock400_1 1 1 2 1 1 324.215 27
sanr400_0.7 1 1 2 1 1 88.693 21
sanr400_0.7 1 1 2 1 1 86.323 21
sanr400_0.7 1 1 2 1 1 87.341 21
sanr400_0.7 1 1 2 1 1 88.084 21
sanr400_0.7 1 1 2 1 1 87.05 21
sanr400_0.7 1 1 3 2 2 64.292 21
sanr400_0.7 1 1 3 2 2 65.637 21
sanr400_0.7 1 1 3 2 2 62.881 21
sanr400_0.7 1 1 3 2 2 62.506 21
sanr400_0.7 1 1 3 2 2 66.848 21
brock400_1 1 1 2 1 1 315.849 27
sanr400_0.7 1 1 5 4 4 63.646 21
sanr400_0.7 1 1 5 4 4 67.72 21
sanr400_0.7 1 1 5 4 4 75.443 21
sanr400_0.7 1 1 5 4 4 66.603 21
sanr400_0.7 1 1 5 4 4 69.623 21
brock400_1 1 1 3 2 2 241.279 27
brock400_1 2 2 5 4 8 113.807 27
brock400_1 2 2 5 4 8 87.618 27
brock400_1 2 2 5 4 8 88.183 27
brock400_1 2 2 5 4 8 117.944 27
brock400_1 2 2 5 4 8 83.915 27
brock400_2 2 2 5 4 8 55.54 29
brock400_2 2 2 5 4 8 64.885 29
brock400_2 2 2 5 4 8 53.661 29
brock400_2 2 2 5 4 8 58.237 29
brock400_2 2 2 5 4 8 55.144 29
brock400_1 1 1 3 2 2 238.701 27
brock400_3 2 2 5 4 8 49.392 31
brock400_3 2 2 5 4 8 48.161 31
brock400_3 2 2 5 4 8 50.425 31
brock400_3 2 2 5 4 8 50.123 31
brock400_3 2 2 5 4 8 48.215 31
brock400_4 2 2 5 4 8 23.644 33
brock400_4 2 2 5 4 8 19.646 33
brock400_4 2 2 5 4 8 19.826 33
brock400_4 2 2 5 4 8 23.434 33
brock400_4 2 2 5 4 8 24.141 33
brock400_1 1 1 3 2 2 242.275 27
brock800_1 2 2 5 4 8 996.662 23
brock800_1 2 2 5 4 8 974.395 23
brock800_1 2 2 5 4 8 962.59 23
brock800_1 2 2 5 4 8 968.965 23
brock800_1 2 2 5 4 8 988.952 23
brock800_2 2 2 5 4 8 1019.21 24
brock800_2 2 2 5 4 8 1006.84 24
brock800_2 2 2 5 4 8 996.298 24
brock800_2 2 2 5 4 8 1064.21 24
brock800_2 2 2 5 4 8 1020.15 24
brock400_1 1 1 3 2 2 236.032 27
brock800_3 2 2 5 4 8 796.353 25
brock800_3 2 2 5 4 8 885.39 25
brock800_3 2 2 5 4 8 883.969 25
brock800_3 2 2 5 4 8 866.449 25
brock800_3 2 2 5 4 8 1009.28 25
brock800_4 2 2 5 4 8 287.136 26
brock800_4 2 2 5 4 8 321.191 26
brock800_4 2 2 5 4 8 346.34 26
brock800_4 2 2 5 4 8 352.05 26
brock800_4 2 2 5 4 8 301.676 26
brock400_1 1 1 3 2 2 246.972 27
p_hat500-3 2 2 5 4 8 20.256 50
p_hat500-3 2 2 5 4 8 21.894 50
p_hat500-3 2 2 5 4 8 31.942 50
p_hat500-3 2 2 5 4 8 24.861 50
p_hat500-3 2 2 5 4 8 21.405 50
p_hat700-3 2 2 5 4 8 235.786 62
p_hat700-3 2 2 5 4 8 229.416 62
p_hat700-3 2 2 5 4 8 235.894 62
p_hat700-3 2 2 5 4 8 219.145 62
p_hat700-3 2 2 5 4 8 236.499 62
brock400_1 1 1 5 4 4 249.456 27
sanr200_0.9 2 2 5 4 8 10.658 42
sanr200_0.9 2 2 5 4 8 9.88 42
sanr200_0.9 2 2 5 4 8 16.948 42
sanr200_0.9 2 2 5 4 8 10.993 42
sanr200_0.9 2 2 5 4 8 10.861 42
sanr400_0.7 2 2 5 4 8 23.37 21
sanr400_0.7 2 2 5 4 8 22.965 21
sanr400_0.7 2 2 5 4 8 23.068 21
sanr400_0.7 2 2 5 4 8 23.608 21
sanr400_0.7 2 2 5 4 8 23.138 21
brock400_1 1 1 5 4 4 281.797 27
brock400_1 4 8 5 4 32 25.586 27
brock400_1 4 8 5 4 32 28.429 27
brock400_1 4 8 5 4 32 19.618 27
brock400_1 4 8 5 4 32 26.298 27
brock400_1 4 8 5 4 32 20.568 27
brock400_1 1 1 5 4 4 278.224 27
brock400_2 4 8 5 4 32 15.088 29
brock400_2 4 8 5 4 32 17.001 29
brock400_2 4 8 5 4 32 17.96 29
brock400_2 4 8 5 4 32 16.586 29
brock400_2 4 8 5 4 32 15.778 29
brock400_3 4 8 5 4 32 12.692 31
brock400_3 4 8 5 4 32 2.891 31
brock400_3 4 8 5 4 32 10.267 31
brock400_3 4 8 5 4 32 13.105 31
brock400_3 4 8 5 4 32 4.296 31
brock400_1 1 1 5 4 4 265.985 27
brock400_4 4 8 5 4 32 7.768 33
brock400_4 4 8 5 4 32 6.012 33
brock400_4 4 8 5 4 32 8.799 33
brock400_4 4 8 5 4 32 2.892 33
brock400_4 4 8 5 4 32 2.295 33
brock800_1 4 8 5 4 32 207.718 23
brock800_1 4 8 5 4 32 225.891 23
brock800_1 4 8 5 4 32 169.691 23
brock800_1 4 8 5 4 32 162.448 23
brock800_1 4 8 5 4 32 230.779 23
brock400_1 1 1 5 4 4 262.193 27
brock800_2 4 8 5 4 32 155.906 24
brock800_2 4 8 5 4 32 140.962 24
brock800_2 4 8 5 4 32 134.331 24
brock800_2 4 8 5 4 32 254.043 24
brock800_2 4 8 5 4 32 271.533 24
brock800_3 4 8 5 4 32 116.955 25
brock800_3 4 8 5 4 32 159.776 25
brock800_3 4 8 5 4 32 240.551 25
brock800_3 4 8 5 4 32 268.407 25
brock800_3 4 8 5 4 32 223.227 25
brock400_2 1 1 2 1 1 241.634 29
brock800_4 4 8 5 4 32 75.648 26
brock800_4 4 8 5 4 32 103.902 26
brock800_4 4 8 5 4 32 77.201 26
brock800_4 4 8 5 4 32 59.441 26
brock800_4 4 8 5 4 32 95.111 26
p_hat500-3 4 8 5 4 32 6.893 50
p_hat500-3 4 8 5 4 32 6.556 50
p_hat500-3 4 8 5 4 32 6.168 50
p_hat500-3 4 8 5 4 32 6.383 50
p_hat500-3 4 8 5 4 32 6.557 50
brock400_2 1 1 2 1 1 235.071 29
p_hat700-3 4 8 5 4 32 72.032 62
p_hat700-3 4 8 5 4 32 58.084 62
p_hat700-3 4 8 5 4 32 63.064 62
p_hat700-3 4 8 5 4 32 59.305 62
p_hat700-3 4 8 5 4 32 52.391 62
sanr200_0.9 4 8 5 4 32 2.219 42
sanr200_0.9 4 8 5 4 32 3.047 42
sanr200_0.9 4 8 5 4 32 3.79 42
sanr200_0.9 4 8 5 4 32 2.248 42
sanr200_0.9 4 8 5 4 32 2.322 42
brock400_2 1 1 2 1 1 240.856 29
sanr400_0.7 4 8 5 4 32 5.278 21
sanr400_0.7 4 8 5 4 32 5.151 21
sanr400_0.7 4 8 5 4 32 5.179 21
sanr400_0.7 4 8 5 4 32 5.123 21
sanr400_0.7 4 8 5 4 32 5.164 21
brock400_2 1 1 2 1 1 234.495 29
brock400_1 8 16 5 4 64 10.329 27
brock400_1 8 16 5 4 64 12.655 27
brock400_1 8 16 5 4 64 16.128 27
brock400_1 8 16 5 4 64 16.249 27
brock400_1 8 16 5 4 64 11.86 27
brock400_2 8 16 5 4 64 9.23 29
brock400_2 8 16 5 4 64 12.388 29
brock400_2 8 16 5 4 64 8.764 29
brock400_2 8 16 5 4 64 12.204 29
brock400_2 8 16 5 4 64 11.872 29
brock400_2 1 1 2 1 1 240.817 29
brock400_3 8 16 5 4 64 4.922 31
brock400_3 8 16 5 4 64 5.303 31
brock400_3 8 16 5 4 64 7.188 31
brock400_3 8 16 5 4 64 3.164 31
brock400_3 8 16 5 4 64 4.015 31
brock400_4 8 16 5 4 64 3.083 33
brock400_4 8 16 5 4 64 4.609 33
brock400_4 8 16 5 4 64 1.874 33
brock400_4 8 16 5 4 64 1.476 33
brock400_4 8 16 5 4 64 3.953 33
brock400_2 1 1 3 2 2 178.805 29
brock800_1 8 16 5 4 64 107.972 23
brock800_1 8 16 5 4 64 133.361 23
brock800_1 8 16 5 4 64 114.352 23
brock800_1 8 16 5 4 64 122.969 23
brock800_1 8 16 5 4 64 148.001 23
brock800_2 8 16 5 4 64 80.433 24
brock800_2 8 16 5 4 64 129.336 24
brock800_2 8 16 5 4 64 110.87 24
brock800_2 8 16 5 4 64 75.334 24
brock800_2 8 16 5 4 64 118.524 24
brock400_2 1 1 3 2 2 198.29 29
brock800_3 8 16 5 4 64 97.199 25
brock800_3 8 16 5 4 64 69.568 25
brock800_3 8 16 5 4 64 70.601 25
brock800_3 8 16 5 4 64 87.614 25
brock800_3 8 16 5 4 64 116.636 25
brock800_4 8 16 5 4 64 38.17 26
brock800_4 8 16 5 4 64 44.067 26
brock800_4 8 16 5 4 64 42.893 26
brock800_4 8 16 5 4 64 73.448 26
brock800_4 8 16 5 4 64 45.326 26
brock400_2 1 1 3 2 2 190.529 29
p_hat500-3 8 16 5 4 64 5.196 50
p_hat500-3 8 16 5 4 64 7.094 50
p_hat500-3 8 16 5 4 64 5.169 50
p_hat500-3 8 16 5 4 64 5.385 50
p_hat500-3 8 16 5 4 64 4.812 50
p_hat700-3 8 16 5 4 64 32.228 62
p_hat700-3 8 16 5 4 64 35.261 62
p_hat700-3 8 16 5 4 64 32.715 62
p_hat700-3 8 16 5 4 64 40.419 62
p_hat700-3 8 16 5 4 64 35.082 62
brock400_2 1 1 3 2 2 187.898 29
sanr200_0.9 8 16 5 4 64 1.424 42
sanr200_0.9 8 16 5 4 64 1.25 42
sanr200_0.9 8 16 5 4 64 1.341 42
sanr200_0.9 8 16 5 4 64 1.224 42
sanr200_0.9 8 16 5 4 64 1.318 42
sanr400_0.7 8 16 5 4 64 3.565 21
sanr400_0.7 8 16 5 4 64 3.942 21
sanr400_0.7 8 16 5 4 64 3.437 21
sanr400_0.7 8 16 5 4 64 4.219 21
sanr400_0.7 8 16 5 4 64 3.642 21
brock400_2 1 1 3 2 2 189.153 29
brock400_1 16 32 5 4 128 5.258 27
brock400_1 16 32 5 4 128 13.545 27
brock400_1 16 32 5 4 128 7.672 27
brock400_1 16 32 5 4 128 9.011 27
brock400_1 16 32 5 4 128 7.703 27
brock400_2 1 1 5 4 4 169.088 29
brock400_2 16 32 5 4 128 3.104 29
brock400_2 16 32 5 4 128 10.258 29
brock400_2 16 32 5 4 128 4.988 29
brock400_2 16 32 5 4 128 7.1 29
brock400_2 16 32 5 4 128 3.65 29
brock400_3 16 32 5 4 128 2.789 31
brock400_3 16 32 5 4 128 4.655 31
brock400_3 16 32 5 4 128 6.304 31
brock400_3 16 32 5 4 128 2.69 31
brock400_3 16 32 5 4 128 7.496 31
brock400_2 1 1 5 4 4 180.84 29
brock400_4 16 32 5 4 128 5.574 33
brock400_4 16 32 5 4 128 2.219 33
brock400_4 16 32 5 4 128 2.526 33
brock400_4 16 32 5 4 128 3.659 33
brock400_4 16 32 5 4 128 2.502 33
brock800_1 16 32 5 4 128 67.272 23
brock800_1 16 32 5 4 128 60.392 23
brock800_1 16 32 5 4 128 47.731 23
brock800_1 16 32 5 4 128 89.757 23
brock800_1 16 32 5 4 128 57.37 23
brock400_2 1 1 5 4 4 167.97 29
brock800_2 16 32 5 4 128 61.964 24
brock800_2 16 32 5 4 128 43.093 24
brock800_2 16 32 5 4 128 66.991 24
brock800_2 16 32 5 4 128 73.996 24
brock800_2 16 32 5 4 128 117.335 24
brock800_3 16 32 5 4 128 51.719 25
brock800_3 16 32 5 4 128 60.675 25
brock800_3 16 32 5 4 128 79.334 25
brock800_3 16 32 5 4 128 53.533 25
brock800_3 16 32 5 4 128 64.34 25
brock400_2 1 1 5 4 4 174.737 29
brock800_4 16 32 5 4 128 22.357 26
brock800_4 16 32 5 4 128 22.754 26
brock800_4 16 32 5 4 128 29.536 26
brock800_4 16 32 5 4 128 39.285 26
brock800_4 16 32 5 4 128 99.503 26
p_hat500-3 16 32 5 4 128 5.263 50
p_hat500-3 16 32 5 4 128 3.876 50
p_hat500-3 16 32 5 4 128 5.938 50
p_hat500-3 16 32 5 4 128 4.849 50
p_hat500-3 16 32 5 4 128 6.043 50
brock400_2 1 1 5 4 4 175.077 29
p_hat700-3 16 32 5 4 128 23.495 62
p_hat700-3 16 32 5 4 128 27.702 62
p_hat700-3 16 32 5 4 128 28.001 62
p_hat700-3 16 32 5 4 128 31.233 62
p_hat700-3 16 32 5 4 128 33.634 62
sanr200_0.9 16 32 5 4 128 1.163 42
sanr200_0.9 16 32 5 4 128 1.118 42
sanr200_0.9 16 32 5 4 128 0.791 42
sanr200_0.9 16 32 5 4 128 2.722 42
sanr200_0.9 16 32 5 4 128 1.045 42
brock400_3 1 1 2 1 1 195.242 31
sanr400_0.7 16 32 5 4 128 2.774 21
sanr400_0.7 16 32 5 4 128 2.733 21
sanr400_0.7 16 32 5 4 128 2.85 21
sanr400_0.7 16 32 5 4 128 2.975 21
sanr400_0.7 16 32 5 4 128 2.521 21
brock400_3 1 1 2 1 1 190.592 31
brock400_1 17 50 5 4 200 4.792 27
brock400_1 17 50 5 4 200 12.429 27
brock400_1 17 50 5 4 200 7.525 27
brock400_1 17 50 5 4 200 4.066 27
brock400_1 17 50 5 4 200 5.685 27
brock400_2 17 50 5 4 200 4.694 29
brock400_2 17 50 5 4 200 2.663 29
brock400_2 17 50 5 4 200 2.417 29
brock400_2 17 50 5 4 200 8.553 29
brock400_2 17 50 5 4 200 12.32 29
brock400_3 1 1 2 1 1 185.369 31
brock400_3 17 50 5 4 200 8.458 31
brock400_3 17 50 5 4 200 2.513 31
brock400_3 17 50 5 4 200 9.683 31
brock400_3 17 50 5 4 200 2.43 31
brock400_3 17 50 5 4 200 3.145 31
brock400_4 17 50 5 4 200 6.589 33
brock400_4 17 50 5 4 200 3.069 33
brock400_4 17 50 5 4 200 3.116 33
brock400_4 17 50 5 4 200 2.303 33
brock400_4 17 50 5 4 200 3.006 33
brock400_3 1 1 2 1 1 191.862 31
brock800_1 17 50 5 4 200 43.845 23
brock800_1 17 50 5 4 200 52.667 23
brock800_1 17 50 5 4 200 83.601 23
brock800_1 17 50 5 4 200 54.164 23
brock800_1 17 50 5 4 200 58.996 23
brock800_2 17 50 5 4 200 42.156 24
brock800_2 17 50 5 4 200 94.537 24
brock800_2 17 50 5 4 200 42.715 24
brock800_2 17 50 5 4 200 57.047 24
brock800_2 17 50 5 4 200 97.154 24
brock400_3 1 1 2 1 1 193.891 31
brock800_3 17 50 5 4 200 50.741 25
brock800_3 17 50 5 4 200 55.545 25
brock800_3 17 50 5 4 200 34.96 25
brock800_3 17 50 5 4 200 47.591 25
brock800_3 17 50 5 4 200 52.004 25
brock800_4 17 50 5 4 200 19.79 26
brock800_4 17 50 5 4 200 40.8 26
brock800_4 17 50 5 4 200 29.799 26
brock800_4 17 50 5 4 200 59.128 26
brock800_4 17 50 5 4 200 56.159 26
brock400_3 1 1 3 2 2 154.817 31
p_hat500-3 17 50 5 4 200 5.506 50
p_hat500-3 17 50 5 4 200 4.229 50
p_hat500-3 17 50 5 4 200 5.472 50
p_hat500-3 17 50 5 4 200 7.337 50
p_hat500-3 17 50 5 4 200 7.82 50
p_hat700-3 17 50 5 4 200 17.703 62
p_hat700-3 17 50 5 4 200 18.928 62
p_hat700-3 17 50 5 4 200 26.616 62
p_hat700-3 17 50 5 4 200 22.634 62
p_hat700-3 17 50 5 4 200 22.481 62
brock400_3 1 1 3 2 2 138.05 31
sanr200_0.9 17 50 5 4 200 1.283 42
sanr200_0.9 17 50 5 4 200 2.911 42
sanr200_0.9 17 50 5 4 200 2.827 42
sanr200_0.9 17 50 5 4 200 0.928 42
sanr200_0.9 17 50 5 4 200 1.827 42
sanr400_0.7 17 50 5 4 200 2.933 21
sanr400_0.7 17 50 5 4 200 4.193 21
sanr400_0.7 17 50 5 4 200 3.241 21
sanr400_0.7 17 50 5 4 200 4.681 21
sanr400_0.7 17 50 5 4 200 3.677 21
brock400_3 1 1 3 2 2 148.108 31
brock400_3 1 1 3 2 2 145.733 31
brock400_3 1 1 3 2 2 154.137 31
brock400_3 1 1 5 4 4 142.127 31
brock400_3 1 1 5 4 4 150.318 31
brock400_3 1 1 5 4 4 148.875 31
brock400_3 1 1 5 4 4 136.912 31
brock400_3 1 1 5 4 4 162.352 31
brock400_4 1 1 2 1 1 88.378 33
brock400_4 1 1 2 1 1 94.905 33
brock400_4 1 1 2 1 1 96.792 33
brock400_4 1 1 2 1 1 93.415 33
brock400_4 1 1 2 1 1 97.467 33
brock400_4 1 1 3 2 2 76.767 33
brock400_4 1 1 3 2 2 77.007 33
brock400_4 1 1 3 2 2 87.643 33
brock400_4 1 1 3 2 2 75.258 33
brock400_4 1 1 3 2 2 81.266 33
brock400_4 1 1 5 4 4 60.472 33
brock400_4 1 1 5 4 4 70.627 33
brock400_4 1 1 5 4 4 77.15 33
brock400_4 1 1 5 4 4 71.76 33
brock400_4 1 1 5 4 4 66.336 33
brock800_1 1 1 3 2 2 2741.57 23
brock800_1 1 1 3 2 2 2720.18 23
brock800_1 1 1 3 2 2 2749.28 23
brock800_1 1 1 3 2 2 2758.23 23
brock800_1 1 1 3 2 2 2704.06 23
brock800_1 1 1 5 4 4 2671.51 23
brock800_1 1 1 5 4 4 2567.28 23
brock800_1 1 1 5 4 4 2747.97 23
brock800_1 1 1 5 4 4 2523.09 23
brock800_1 1 1 5 4 4 2721.05 23
brock800_2 1 1 3 2 2 2875.32 24
brock800_2 1 1 3 2 2 2771.13 24
brock800_2 1 1 3 2 2 2812.79 24
brock800_2 1 1 3 2 2 2895.38 24
brock800_2 1 1 3 2 2 2974.66 24
p_hat1000-2 1 1 2 1 1 147.834 46
p_hat1000-2 1 1 2 1 1 147.646 46
p_hat1000-2 1 1 5 4 4 114.479 46
p_hat1000-2 1 1 5 4 4 114.937 46
p_hat1000-2 1 1 5 4 4 118.584 46
p_hat1000-2 1 1 5 4 4 110.246 46
p_hat1000-2 1 1 5 4 4 113.185 46
p_hat1000-2 2 2 5 4 8 27.925 46
p_hat1000-2 2 2 5 4 8 29.732 46
p_hat1000-2 2 2 5 4 8 31.188 46
p_hat1000-2 2 2 5 4 8 37.339 46
p_hat1000-2 2 2 5 4 8 33.432 46
p_hat1000-2 1 1 2 1 1 147.471 46
p_hat1000-2 4 8 5 4 32 8.615 46
p_hat1000-2 4 8 5 4 32 7.482 46
p_hat1000-2 4 8 5 4 32 7.926 46
p_hat1000-2 4 8 5 4 32 7.383 46
p_hat1000-2 4 8 5 4 32 8.013 46
p_hat1000-2 8 16 5 4 64 7.337 46
p_hat1000-2 8 16 5 4 64 7.01 46
p_hat1000-2 8 16 5 4 64 9.385 46
p_hat1000-2 8 16 5 4 64 19.033 46
p_hat1000-2 8 16 5 4 64 6.135 46
p_hat1000-2 1 1 2 1 1 148.135 46
p_hat1000-2 16 32 5 4 128 17.652 46
p_hat1000-2 16 32 5 4 128 10.896 46
p_hat1000-2 16 32 5 4 128 13.624 46
p_hat1000-2 16 32 5 4 128 10.497 46
p_hat1000-2 16 32 5 4 128 17.992 46
p_hat1000-2 17 50 5 4 200 9.064 46
p_hat1000-2 17 50 5 4 200 15.954 46
p_hat1000-2 17 50 5 4 200 11.287 46
p_hat1000-2 17 50 5 4 200 11.981 46
p_hat1000-2 17 50 5 4 200 7.58 46
p_hat1000-2 1 1 2 1 1 149.949 46
p_hat1000-2 1 1 3 2 2 85.054 46
p_hat1000-2 1 1 3 2 2 86.448 46
p_hat1000-2 1 1 3 2 2 85.377 46
p_hat1000-2 1 1 3 2 2 88.811 46
p_hat1000-2 1 1 3 2 2 84.961 46
brock800_1 1 1 2 1 1 3641.16 23
brock800_1 1 1 2 1 1 3650.2 23
brock800_1 1 1 2 1 1 3630.4 23
brock800_1 1 1 2 1 1 3624.15 23
brock800_1 1 1 2 1 1 3632.03 23
brock800_2 1 1 2 1 1 3689.89 24
brock800_2 1 1 2 1 1 3670.66 24
brock800_2 1 1 2 1 1 3698.27 24
brock800_2 1 1 2 1 1 3705.78 24
brock800_2 1 1 2 1 1 3660.37 24
