instance hosts processes schedulers cores totalWorkers runtime
brock400_1 1 1 1 2 1 1379.735504914
brock400_1 1 1 1 2 1 1381.153288445
brock400_1 1 1 1 2 1 1385.994331769
brock400_1 1 1 1 2 1 1390.002441966
brock400_1 1 1 1 2 1 1417.785877074
brock400_1 1 1 1 2 1 1425.634803837
brock400_1 1 1 1 2 1 1435.37495283
brock400_1 1 1 1 2 1 1474.49935823
brock400_1 1 1 1 2 1 1475.097342381
brock400_1 1 1 1 2 1 1476.173028422
brock400_1 1 1 2 3 2 691.42838938
brock400_1 1 1 2 3 2 699.794708518
brock400_1 1 1 2 3 2 746.419806464
brock400_1 1 1 2 3 2 761.336170191
brock400_1 1 1 2 3 2 764.558606256
brock400_1 1 1 2 3 2 765.380640047
brock400_1 1 1 2 3 2 772.475020873
brock400_1 1 1 2 3 2 779.842739348
brock400_1 1 1 2 3 2 781.478337334
brock400_1 1 1 2 3 2 786.021055274
brock400_1 1 1 4 5 4 201.571707442
brock400_1 1 1 4 5 4 211.476310105
brock400_1 1 1 4 5 4 369.694689694
brock400_1 1 1 4 5 4 393.853437195
brock400_1 1 1 4 5 4 403.345717582
brock400_1 1 1 4 5 4 416.570112977
brock400_1 1 1 4 5 4 417.167884174
brock400_1 1 1 4 5 4 417.957471592
brock400_1 1 1 4 5 4 438.431383534
brock400_1 1 1 4 5 4 444.656202707
brock400_1 2 2 4 5 8 216.314841459
brock400_1 2 2 4 5 8 216.616315188
brock400_1 2 2 4 5 8 217.964483494
brock400_1 2 2 4 5 8 219.282593039
brock400_1 2 2 4 5 8 219.897836296
brock400_1 2 2 4 5 8 221.696514841
brock400_1 2 2 4 5 8 222.420118393
brock400_1 2 2 4 5 8 225.812558443
brock400_1 2 2 4 5 8 226.429678157
brock400_1 2 2 4 5 8 227.010685748
brock400_1 4 8 4 5 32 27.676197571
brock400_1 4 8 4 5 32 51.35252414
brock400_1 4 8 4 5 32 54.303137986
brock400_1 4 8 4 5 32 57.52197983
brock400_1 4 8 4 5 32 58.288579867
brock400_1 4 8 4 5 32 58.75984066
brock400_1 4 8 4 5 32 59.0051102
brock400_1 4 8 4 5 32 59.208041027
brock400_1 4 8 4 5 32 59.649619169
brock400_1 4 8 4 5 32 59.687665355
brock400_1 8 16 4 5 64 15.260033388
brock400_1 8 16 4 5 64 27.392421973
brock400_1 8 16 4 5 64 27.760105772
brock400_1 8 16 4 5 64 29.129861929
brock400_1 8 16 4 5 64 29.381495109
brock400_1 8 16 4 5 64 30.193360812
brock400_1 8 16 4 5 64 30.587378933
brock400_1 8 16 4 5 64 30.742488499
brock400_1 8 16 4 5 64 30.995020681
brock400_1 8 16 4 5 64 31.098073786
brock400_1 16 32 4 5 128 13.921240042
brock400_1 16 32 4 5 128 14.965698423
brock400_1 16 32 4 5 128 15.007970723
brock400_1 16 32 4 5 128 15.507950801
brock400_1 16 32 4 5 128 15.577437341
brock400_1 16 32 4 5 128 15.842529306
brock400_1 16 32 4 5 128 16.267373414
brock400_1 16 32 4 5 128 17.154042534
brock400_1 16 32 4 5 128 17.413773892
brock400_1 16 32 4 5 128 9.016946196
brock400_1 17 50 4 5 200 12.877592049
brock400_1 17 50 4 5 200 12.906317805
brock400_1 17 50 4 5 200 13.139239477
brock400_1 17 50 4 5 200 13.681839966
brock400_1 17 50 4 5 200 13.692190428
brock400_1 17 50 4 5 200 13.695977462
brock400_1 17 50 4 5 200 13.842474496
brock400_1 17 50 4 5 200 14.053876455
brock400_1 17 50 4 5 200 14.100806934
brock400_1 17 50 4 5 200 14.118897518
brock400_2 1 1 1 2 1 871.225336021
brock400_2 1 1 1 2 1 872.900482059
brock400_2 1 1 1 2 1 873.945811681
brock400_2 1 1 1 2 1 877.873367312
brock400_2 1 1 1 2 1 878.233625665
brock400_2 1 1 1 2 1 881.536133587
brock400_2 1 1 1 2 1 901.810114145
brock400_2 1 1 1 2 1 911.209893132
brock400_2 1 1 1 2 1 912.113728637
brock400_2 1 1 1 2 1 929.787645863
brock400_2 1 1 2 3 2 469.320178198
brock400_2 1 1 2 3 2 472.032212724
brock400_2 1 1 2 3 2 477.801887086
brock400_2 1 1 2 3 2 480.00071209
brock400_2 1 1 2 3 2 483.437902986
brock400_2 1 1 2 3 2 491.601918611
brock400_2 1 1 2 3 2 492.691128733
brock400_2 1 1 2 3 2 495.140041485
brock400_2 1 1 2 3 2 496.89712643
brock400_2 1 1 2 3 2 509.534034295
brock400_2 1 1 4 5 4 136.82398522
brock400_2 1 1 4 5 4 262.739041529
brock400_2 1 1 4 5 4 268.571783869
brock400_2 1 1 4 5 4 273.651715524
brock400_2 1 1 4 5 4 274.382504538
brock400_2 1 1 4 5 4 277.268691856
brock400_2 1 1 4 5 4 277.526213178
brock400_2 1 1 4 5 4 279.598657584
brock400_2 1 1 4 5 4 287.633594655
brock400_2 1 1 4 5 4 293.429053551
brock400_2 2 2 4 5 8 137.196852326
brock400_2 2 2 4 5 8 138.212308548
brock400_2 2 2 4 5 8 141.692342282
brock400_2 2 2 4 5 8 142.534409286
brock400_2 2 2 4 5 8 142.70111035
brock400_2 2 2 4 5 8 143.798920709
brock400_2 2 2 4 5 8 144.839801166
brock400_2 2 2 4 5 8 49.916458841
brock400_2 2 2 4 5 8 63.986209941
brock400_2 2 2 4 5 8 65.3732134
brock400_2 4 8 4 5 32 35.016503099
brock400_2 4 8 4 5 32 35.998966371
brock400_2 4 8 4 5 32 37.22318605
brock400_2 4 8 4 5 32 37.363000307
brock400_2 4 8 4 5 32 39.180195834
brock400_2 4 8 4 5 32 39.310296514
brock400_2 4 8 4 5 32 39.565924777
brock400_2 4 8 4 5 32 39.633004261
brock400_2 4 8 4 5 32 41.083743783
brock400_2 4 8 4 5 32 41.415780144
brock400_2 8 16 4 5 64 10.708078989
brock400_2 8 16 4 5 64 11.047585781
brock400_2 8 16 4 5 64 15.174933937
brock400_2 8 16 4 5 64 18.426684856
brock400_2 8 16 4 5 64 19.450642927
brock400_2 8 16 4 5 64 20.256307218
brock400_2 8 16 4 5 64 21.649219762
brock400_2 8 16 4 5 64 21.913368585
brock400_2 8 16 4 5 64 22.166227449
brock400_2 8 16 4 5 64 23.074212818
brock400_2 16 32 4 5 128 11.361972195
brock400_2 16 32 4 5 128 11.682263049
brock400_2 16 32 4 5 128 11.709544834
brock400_2 16 32 4 5 128 11.751289408
brock400_2 16 32 4 5 128 11.775720947
brock400_2 16 32 4 5 128 11.871530591
brock400_2 16 32 4 5 128 12.215411552
brock400_2 16 32 4 5 128 12.295377986
brock400_2 16 32 4 5 128 12.975831264
brock400_2 16 32 4 5 128 6.309124367
brock400_2 17 50 4 5 200 10.07685373
brock400_2 17 50 4 5 200 10.888764673
brock400_2 17 50 4 5 200 10.96403172
brock400_2 17 50 4 5 200 11.129960431
brock400_2 17 50 4 5 200 5.379234997
brock400_2 17 50 4 5 200 5.609808788
brock400_2 17 50 4 5 200 8.629905379
brock400_2 17 50 4 5 200 9.088997752
brock400_2 17 50 4 5 200 9.432970809
brock400_2 17 50 4 5 200 9.866555285
brock400_3 1 1 1 2 1 754.02742557
brock400_3 1 1 1 2 1 758.816467183
brock400_3 1 1 1 2 1 759.66502063
brock400_3 1 1 1 2 1 767.377430584
brock400_3 1 1 1 2 1 770.190031015
brock400_3 1 1 1 2 1 772.751316126
brock400_3 1 1 1 2 1 781.348486497
brock400_3 1 1 1 2 1 786.775852034
brock400_3 1 1 1 2 1 789.839591865
brock400_3 1 1 1 2 1 806.382947128
brock400_3 1 1 2 3 2 408.343756725
brock400_3 1 1 2 3 2 413.730299632
brock400_3 1 1 2 3 2 415.209625358
brock400_3 1 1 2 3 2 416.214620095
brock400_3 1 1 2 3 2 423.506132605
brock400_3 1 1 2 3 2 427.781089574
brock400_3 1 1 2 3 2 430.499183783
brock400_3 1 1 2 3 2 446.021905924
brock400_3 1 1 2 3 2 453.453985348
brock400_3 1 1 2 3 2 455.859310438
brock400_3 1 1 4 5 4 107.853648004
brock400_3 1 1 4 5 4 226.732516678
brock400_3 1 1 4 5 4 235.238944153
brock400_3 1 1 4 5 4 246.314253517
brock400_3 1 1 4 5 4 256.031862634
brock400_3 1 1 4 5 4 258.016998922
brock400_3 1 1 4 5 4 262.047261253
brock400_3 1 1 4 5 4 264.824077929
brock400_3 1 1 4 5 4 267.752217349
brock400_3 1 1 4 5 4 50.51574296
brock400_3 2 2 4 5 8 115.909462431
brock400_3 2 2 4 5 8 119.457919806
brock400_3 2 2 4 5 8 126.323561188
brock400_3 2 2 4 5 8 129.477076378
brock400_3 2 2 4 5 8 131.192898827
brock400_3 2 2 4 5 8 133.752247853
brock400_3 2 2 4 5 8 134.457396285
brock400_3 2 2 4 5 8 137.177838382
brock400_3 2 2 4 5 8 21.396435747
brock400_3 2 2 4 5 8 32.196233596
brock400_3 4 8 4 5 32 13.76810559
brock400_3 4 8 4 5 32 29.166225967
brock400_3 4 8 4 5 32 31.354089261
brock400_3 4 8 4 5 32 32.900686158
brock400_3 4 8 4 5 32 33.637832752
brock400_3 4 8 4 5 32 33.946315207
brock400_3 4 8 4 5 32 34.451569486
brock400_3 4 8 4 5 32 35.217363103
brock400_3 4 8 4 5 32 36.490327366
brock400_3 4 8 4 5 32 6.496669276
brock400_3 8 16 4 5 64 12.601951489
brock400_3 8 16 4 5 64 17.26868032
brock400_3 8 16 4 5 64 18.818992966
brock400_3 8 16 4 5 64 18.988667644
brock400_3 8 16 4 5 64 19.8437724
brock400_3 8 16 4 5 64 20.191406543
brock400_3 8 16 4 5 64 20.296500604
brock400_3 8 16 4 5 64 20.555195553
brock400_3 8 16 4 5 64 4.4469144
brock400_3 8 16 4 5 64 8.123745509
brock400_3 16 32 4 5 128 10.24372217
brock400_3 16 32 4 5 128 10.263759501
brock400_3 16 32 4 5 128 10.277818451
brock400_3 16 32 4 5 128 10.511786836
brock400_3 16 32 4 5 128 10.708523302
brock400_3 16 32 4 5 128 11.09328559
brock400_3 16 32 4 5 128 11.519336931
brock400_3 16 32 4 5 128 11.758010273
brock400_3 16 32 4 5 128 3.256782549
brock400_3 16 32 4 5 128 9.729564478
brock400_3 17 50 4 5 200 10.454375658
brock400_3 17 50 4 5 200 2.773638308
brock400_3 17 50 4 5 200 3.42458376
brock400_3 17 50 4 5 200 6.648286858
brock400_3 17 50 4 5 200 8.063736641
brock400_3 17 50 4 5 200 8.56415815
brock400_3 17 50 4 5 200 8.635051288
brock400_3 17 50 4 5 200 8.646851852
brock400_3 17 50 4 5 200 9.169222892
brock400_3 17 50 4 5 200 9.400330156
brock400_4 1 1 1 2 1 237.751910029
brock400_4 1 1 1 2 1 238.105478199
brock400_4 1 1 1 2 1 238.337056582
brock400_4 1 1 1 2 1 238.49113351
brock400_4 1 1 1 2 1 245.082146709
brock400_4 1 1 1 2 1 246.527923661
brock400_4 1 1 1 2 1 250.879221828
brock400_4 1 1 1 2 1 254.193910092
brock400_4 1 1 1 2 1 254.664339158
brock400_4 1 1 1 2 1 255.283023367
brock400_4 1 1 2 3 2 139.117350752
brock400_4 1 1 2 3 2 144.977590997
brock400_4 1 1 2 3 2 148.156042875
brock400_4 1 1 2 3 2 152.652571057
brock400_4 1 1 2 3 2 152.957351146
brock400_4 1 1 2 3 2 155.185505007
brock400_4 1 1 2 3 2 155.925862511
brock400_4 1 1 2 3 2 158.716802477
brock400_4 1 1 2 3 2 162.128176396
brock400_4 1 1 2 3 2 44.209972861
brock400_4 1 1 4 5 4 102.590561071
brock400_4 1 1 4 5 4 18.423937287
brock400_4 1 1 4 5 4 91.335941868
brock400_4 1 1 4 5 4 92.859334598
brock400_4 1 1 4 5 4 94.406193413
brock400_4 1 1 4 5 4 95.529205631
brock400_4 1 1 4 5 4 95.851364411
brock400_4 1 1 4 5 4 97.443930206
brock400_4 1 1 4 5 4 98.601866087
brock400_4 1 1 4 5 4 99.122746473
brock400_4 2 2 4 5 8 44.971843827
brock400_4 2 2 4 5 8 47.125824591
brock400_4 2 2 4 5 8 48.81397408
brock400_4 2 2 4 5 8 50.280728135
brock400_4 2 2 4 5 8 50.569650445
brock400_4 2 2 4 5 8 51.043117797
brock400_4 2 2 4 5 8 51.236827054
brock400_4 2 2 4 5 8 53.171255007
brock400_4 2 2 4 5 8 54.679092807
brock400_4 2 2 4 5 8 58.692530187
brock400_4 4 8 4 5 32 13.077752031
brock400_4 4 8 4 5 32 13.160768166
brock400_4 4 8 4 5 32 13.303706886
brock400_4 4 8 4 5 32 14.050812196
brock400_4 4 8 4 5 32 15.430973715
brock400_4 4 8 4 5 32 15.492501931
brock400_4 4 8 4 5 32 4.146909302
brock400_4 4 8 4 5 32 4.209372556
brock400_4 4 8 4 5 32 4.724732944
brock400_4 4 8 4 5 32 8.094684178
brock400_4 8 16 4 5 64 6.422814294
brock400_4 8 16 4 5 64 7.218899504
brock400_4 8 16 4 5 64 7.28685163
brock400_4 8 16 4 5 64 7.455621041
brock400_4 8 16 4 5 64 7.638031675
brock400_4 8 16 4 5 64 7.880963044
brock400_4 8 16 4 5 64 8.040674416
brock400_4 8 16 4 5 64 8.068331304
brock400_4 8 16 4 5 64 8.17421063
brock400_4 8 16 4 5 64 8.189070744
brock400_4 16 32 4 5 128 2.827397467
brock400_4 16 32 4 5 128 4.543994878
brock400_4 16 32 4 5 128 4.653148357
brock400_4 16 32 4 5 128 4.689321928
brock400_4 16 32 4 5 128 4.779485273
brock400_4 16 32 4 5 128 4.793208099
brock400_4 16 32 4 5 128 4.829767827
brock400_4 16 32 4 5 128 4.994823439
brock400_4 16 32 4 5 128 4.997081789
brock400_4 16 32 4 5 128 5.43474546
brock400_4 17 50 4 5 200 2.089305751
brock400_4 17 50 4 5 200 2.642906209
brock400_4 17 50 4 5 200 3.962838405
brock400_4 17 50 4 5 200 3.992901181
brock400_4 17 50 4 5 200 4.077993571
brock400_4 17 50 4 5 200 4.433413638
brock400_4 17 50 4 5 200 4.55042938
brock400_4 17 50 4 5 200 4.700282438
brock400_4 17 50 4 5 200 4.869246131
brock400_4 17 50 4 5 200 5.122328451
brock800_1 1 1 1 2 1 21232.906152605
brock800_1 1 1 1 2 1 21648.243423928
brock800_1 1 1 1 2 1 21804.019164103
brock800_1 1 1 1 2 1 22083.476336449
brock800_1 1 1 1 2 1 22144.077536774
brock800_1 1 1 1 2 1 20953.924689157
brock800_1 1 1 1 2 1 21231.992339061
brock800_1 1 1 1 2 1 22130.137776362
brock800_1 1 1 1 2 1 22147.141231866
brock800_1 1 1 1 2 1 22180.56934069
brock800_1 1 1 2 3 2 11185.987905084
brock800_1 1 1 2 3 2 11246.039625295
brock800_1 1 1 2 3 2 11260.498673582
brock800_1 1 1 2 3 2 11282.783859179
brock800_1 1 1 2 3 2 11354.530323031
brock800_1 1 1 2 3 2 10963.526969447
brock800_1 1 1 2 3 2 11137.98435015
brock800_1 1 1 2 3 2 11164.19385023
brock800_1 1 1 2 3 2 11495.295439843
brock800_1 1 1 2 3 2 12087.452594674
brock800_1 1 1 4 5 4 4422.569853517
brock800_1 1 1 4 5 4 4539.485982868
brock800_1 1 1 4 5 4 5986.931471104
brock800_1 1 1 4 5 4 6010.726265294
brock800_1 1 1 4 5 4 6026.76582311
brock800_1 1 1 4 5 4 6080.692541397
brock800_1 1 1 4 5 4 6090.156174148
brock800_1 1 1 4 5 4 6093.451662092
brock800_1 1 1 4 5 4 6097.781396801
brock800_1 1 1 4 5 4 6106.468974219
brock800_1 2 2 4 5 8 1538.163834011
brock800_1 2 2 4 5 8 1573.155201592
brock800_1 2 2 4 5 8 3023.12489202
brock800_1 2 2 4 5 8 3025.068106374
brock800_1 2 2 4 5 8 3025.286844605
brock800_1 2 2 4 5 8 3105.359347171
brock800_1 2 2 4 5 8 3119.101275424
brock800_1 2 2 4 5 8 3125.511972368
brock800_1 2 2 4 5 8 3127.649448735
brock800_1 2 2 4 5 8 3132.195646703
brock800_1 4 8 4 5 32 396.091922104
brock800_1 4 8 4 5 32 758.601067955
brock800_1 4 8 4 5 32 760.017185938
brock800_1 4 8 4 5 32 763.528823324
brock800_1 4 8 4 5 32 765.765230991
brock800_1 4 8 4 5 32 768.302082197
brock800_1 4 8 4 5 32 776.656730387
brock800_1 4 8 4 5 32 777.390773637
brock800_1 4 8 4 5 32 789.406096067
brock800_1 4 8 4 5 32 791.361907583
brock800_1 8 16 4 5 64 203.001685862
brock800_1 8 16 4 5 64 386.262556767
brock800_1 8 16 4 5 64 390.429414723
brock800_1 8 16 4 5 64 390.839192206
brock800_1 8 16 4 5 64 391.670823213
brock800_1 8 16 4 5 64 396.077297874
brock800_1 8 16 4 5 64 400.695663134
brock800_1 8 16 4 5 64 401.696096523
brock800_1 8 16 4 5 64 406.686572389
brock800_1 8 16 4 5 64 999.892199941
brock800_1 16 32 4 5 128 102.137086994
brock800_1 16 32 4 5 128 102.263022866
brock800_1 16 32 4 5 128 1176.552310037
brock800_1 16 32 4 5 128 196.933527651
brock800_1 16 32 4 5 128 196.941046491
brock800_1 16 32 4 5 128 203.601176036
brock800_1 16 32 4 5 128 204.378669612
brock800_1 16 32 4 5 128 204.972016488
brock800_1 16 32 4 5 128 207.425709912
brock800_1 16 32 4 5 128 209.543084135
brock800_1 17 50 4 5 200 1182.292685691
brock800_1 17 50 4 5 200 147.392228323
brock800_1 17 50 4 5 200 154.201275472
brock800_1 17 50 4 5 200 156.426795854
brock800_1 17 50 4 5 200 159.660054342
brock800_1 17 50 4 5 200 160.765790843
brock800_1 17 50 4 5 200 161.938819878
brock800_1 17 50 4 5 200 77.094221218
brock800_1 17 50 4 5 200 78.060915039
brock800_1 17 50 4 5 200 80.026838388
brock800_2 1 1 1 2 1 24063.378033215
brock800_2 1 1 1 2 1 24215.136675761
brock800_2 1 1 1 2 1 24235.026787823
brock800_2 1 1 1 2 1 24726.526954302
brock800_2 1 1 1 2 1 24730.323685739
brock800_2 1 1 1 2 1 23652.651576975
brock800_2 1 1 1 2 1 23877.136250809
brock800_2 1 1 1 2 1 24432.068421985
brock800_2 1 1 1 2 1 24484.398653582
brock800_2 1 1 1 2 1 24915.66998971
brock800_2 1 1 2 3 2 12124.346840234
brock800_2 1 1 2 3 2 12520.978304299
brock800_2 1 1 2 3 2 12557.055737905
brock800_2 1 1 2 3 2 12613.639191486
brock800_2 1 1 2 3 2 2745.195844074
brock800_2 1 1 2 3 2 12474.063058736
brock800_2 1 1 2 3 2 12534.405292173
brock800_2 1 1 2 3 2 12538.093132837
brock800_2 1 1 2 3 2 12602.711923302
brock800_2 1 1 2 3 2 12866.948361732
brock800_2 1 1 4 5 4 6621.404666133
brock800_2 1 1 4 5 4 6703.47893193
brock800_2 1 1 4 5 4 6726.762458392
brock800_2 1 1 4 5 4 6732.447542471
brock800_2 1 1 4 5 4 6750.644903453
brock800_2 1 1 4 5 4 6784.66809486
brock800_2 1 1 4 5 4 7049.58015662
brock800_2 1 1 4 5 4 7077.84759314
brock800_2 1 1 4 5 4 7098.368772711
brock800_2 1 1 4 5 4 7109.474236949
brock800_2 2 2 4 5 8 1742.387380412
brock800_2 2 2 4 5 8 3376.835231732
brock800_2 2 2 4 5 8 3377.673635855
brock800_2 2 2 4 5 8 3413.844846537
brock800_2 2 2 4 5 8 3418.327138666
brock800_2 2 2 4 5 8 3418.723321714
brock800_2 2 2 4 5 8 3503.615364763
brock800_2 2 2 4 5 8 3524.870532511
brock800_2 2 2 4 5 8 3563.819726986
brock800_2 2 2 4 5 8 3564.954630676
brock800_2 4 8 4 5 32 436.972349583
brock800_2 4 8 4 5 32 840.484767683
brock800_2 4 8 4 5 32 845.895288189
brock800_2 4 8 4 5 32 854.563690511
brock800_2 4 8 4 5 32 855.887897452
brock800_2 4 8 4 5 32 856.914052107
brock800_2 4 8 4 5 32 868.42751617
brock800_2 4 8 4 5 32 884.153554274
brock800_2 4 8 4 5 32 884.97480252
brock800_2 4 8 4 5 32 886.293784474
brock800_2 8 16 4 5 64 219.108123359
brock800_2 8 16 4 5 64 424.051999267
brock800_2 8 16 4 5 64 424.427198497
brock800_2 8 16 4 5 64 434.235214449
brock800_2 8 16 4 5 64 438.994652888
brock800_2 8 16 4 5 64 439.479773987
brock800_2 8 16 4 5 64 444.619636064
brock800_2 8 16 4 5 64 446.562634573
brock800_2 8 16 4 5 64 453.252432007
brock800_2 8 16 4 5 64 458.564293348
brock800_2 16 32 4 5 128 212.591073806
brock800_2 16 32 4 5 128 213.533281519
brock800_2 16 32 4 5 128 213.796825916
brock800_2 16 32 4 5 128 214.547040957
brock800_2 16 32 4 5 128 216.210719796
brock800_2 16 32 4 5 128 223.362279482
brock800_2 16 32 4 5 128 224.078712584
brock800_2 16 32 4 5 128 226.046885837
brock800_2 16 32 4 5 128 226.853825647
brock800_2 16 32 4 5 128 235.69128158
brock800_2 17 50 4 5 200 121.513158649
brock800_2 17 50 4 5 200 1231.399409728
brock800_2 17 50 4 5 200 160.751412856
brock800_2 17 50 4 5 200 162.070695191
brock800_2 17 50 4 5 200 163.130479546
brock800_2 17 50 4 5 200 166.640201483
brock800_2 17 50 4 5 200 169.228985329
brock800_2 17 50 4 5 200 173.357394665
brock800_2 17 50 4 5 200 175.728007721
brock800_2 17 50 4 5 200 176.012956331
brock800_3 1 1 1 2 1 12019.219415144
brock800_3 1 1 1 2 1 12133.533956451
brock800_3 1 1 1 2 1 12207.457365192
brock800_3 1 1 1 2 1 12654.362885162
brock800_3 1 1 1 2 1 12664.486694593
brock800_3 1 1 1 2 1 12148.113390458
brock800_3 1 1 1 2 1 12152.121868908
brock800_3 1 1 1 2 1 12317.471983924
brock800_3 1 1 1 2 1 12333.173850029
brock800_3 1 1 1 2 1 12510.034336402
brock800_3 1 1 2 3 2 6419.790689121
brock800_3 1 1 2 3 2 6610.931340648
brock800_3 1 1 2 3 2 6614.362472714
brock800_3 1 1 2 3 2 6655.460609759
brock800_3 1 1 2 3 2 6665.770381491
brock800_3 1 1 2 3 2 3350.721222298
brock800_3 1 1 2 3 2 3355.630227549
brock800_3 1 1 2 3 2 6446.087979413
brock800_3 1 1 2 3 2 6666.108031664
brock800_3 1 1 2 3 2 6727.412980371
brock800_3 1 1 4 5 4 1486.866228903
brock800_3 1 1 4 5 4 1835.18685938
brock800_3 1 1 4 5 4 2459.098699464
brock800_3 1 1 4 5 4 3565.338425586
brock800_3 1 1 4 5 4 1537.221894606
brock800_3 1 1 4 5 4 3639.420690125
brock800_3 1 1 4 5 4 3639.804453852
brock800_3 1 1 4 5 4 3628.969747051
brock800_3 1 1 4 5 4 3656.442195865
brock800_3 1 1 4 5 4 3642.102914854
brock800_3 2 2 4 5 8 1776.834970035
brock800_3 2 2 4 5 8 1791.5816464
brock800_3 2 2 4 5 8 1818.824980479
brock800_3 2 2 4 5 8 1824.264443731
brock800_3 2 2 4 5 8 1833.211672424
brock800_3 2 2 4 5 8 1834.385008276
brock800_3 2 2 4 5 8 1839.814746134
brock800_3 2 2 4 5 8 1848.695136762
brock800_3 2 2 4 5 8 1854.654124972
brock800_3 2 2 4 5 8 1865.967564156
brock800_3 4 8 4 5 32 197.50151679
brock800_3 4 8 4 5 32 446.371431004
brock800_3 4 8 4 5 32 450.427985755
brock800_3 4 8 4 5 32 457.752897244
brock800_3 4 8 4 5 32 461.400914711
brock800_3 4 8 4 5 32 462.821105815
brock800_3 4 8 4 5 32 464.564568098
brock800_3 4 8 4 5 32 468.095497831
brock800_3 4 8 4 5 32 468.740909168
brock800_3 4 8 4 5 32 477.179400233
brock800_3 8 16 4 5 64 227.169062398
brock800_3 8 16 4 5 64 230.606821761
brock800_3 8 16 4 5 64 231.150078581
brock800_3 8 16 4 5 64 232.143946034
brock800_3 8 16 4 5 64 232.764873917
brock800_3 8 16 4 5 64 234.370376654
brock800_3 8 16 4 5 64 234.417603082
brock800_3 8 16 4 5 64 235.628871358
brock800_3 8 16 4 5 64 236.325393829
brock800_3 8 16 4 5 64 237.699437831
brock800_3 16 32 4 5 128 113.729777923
brock800_3 16 32 4 5 128 115.922255622
brock800_3 16 32 4 5 128 117.163636781
brock800_3 16 32 4 5 128 117.635894167
brock800_3 16 32 4 5 128 118.101382009
brock800_3 16 32 4 5 128 120.808664261
brock800_3 16 32 4 5 128 121.561110303
brock800_3 16 32 4 5 128 121.976758185
brock800_3 16 32 4 5 128 123.881733741
brock800_3 16 32 4 5 128 126.316310314
brock800_3 17 50 4 5 200 81.601503448
brock800_3 17 50 4 5 200 83.893275384
brock800_3 17 50 4 5 200 90.930623706
brock800_3 17 50 4 5 200 90.95898473
brock800_3 17 50 4 5 200 91.219518456
brock800_3 17 50 4 5 200 91.750554793
brock800_3 17 50 4 5 200 92.437142328
brock800_3 17 50 4 5 200 92.530766712
brock800_3 17 50 4 5 200 93.097297826
brock800_3 17 50 4 5 200 93.772893082
brock800_4 1 1 1 2 1 18878.144978254
brock800_4 1 1 1 2 1 19244.402620466
brock800_4 1 1 1 2 1 19823.817457692
brock800_4 1 1 1 2 1 19862.962683131
brock800_4 1 1 1 2 1 19884.720294169
brock800_4 1 1 1 2 1 18766.035988208
brock800_4 1 1 1 2 1 19396.67686278
brock800_4 1 1 1 2 1 19497.52986327
brock800_4 1 1 1 2 1 19815.145914071
brock800_4 1 1 1 2 1 19893.710280537
brock800_4 1 1 2 3 2 10038.711464041
brock800_4 1 1 2 3 2 10076.193284559
brock800_4 1 1 2 3 2 10104.124872174
brock800_4 1 1 2 3 2 10163.09253528
brock800_4 1 1 2 3 2 9991.484080014
brock800_4 1 1 2 3 2 10086.527105324
brock800_4 1 1 2 3 2 10091.396371191
brock800_4 1 1 2 3 2 10201.71788073
brock800_4 1 1 2 3 2 10315.000917812
brock800_4 1 1 2 3 2 9203.795599018
brock800_4 1 1 4 5 4 2129.727676775
brock800_4 1 1 4 5 4 4936.726785288
brock800_4 1 1 4 5 4 5037.332935626
brock800_4 1 1 4 5 4 5533.063681823
brock800_4 1 1 4 5 4 5558.499607711
brock800_4 1 1 4 5 4 5589.058695525
brock800_4 1 1 4 5 4 5601.128990624
brock800_4 1 1 4 5 4 5637.077348118
brock800_4 1 1 4 5 4 5675.833842759
brock800_4 1 1 4 5 4 5736.18447469
brock800_4 2 2 4 5 8 2519.168257668
brock800_4 2 2 4 5 8 2529.847358793
brock800_4 2 2 4 5 8 2558.753367047
brock800_4 2 2 4 5 8 2568.882626613
brock800_4 2 2 4 5 8 2810.179920835
brock800_4 2 2 4 5 8 2822.721197301
brock800_4 2 2 4 5 8 2835.517909869
brock800_4 2 2 4 5 8 2850.735454229
brock800_4 2 2 4 5 8 2857.092263064
brock800_4 2 2 4 5 8 2878.425592614
brock800_4 4 8 4 5 32 638.811931787
brock800_4 4 8 4 5 32 652.484063905
brock800_4 4 8 4 5 32 656.474413109
brock800_4 4 8 4 5 32 674.460687841
brock800_4 4 8 4 5 32 704.582988831
brock800_4 4 8 4 5 32 711.923606691
brock800_4 4 8 4 5 32 712.983576929
brock800_4 4 8 4 5 32 714.768391238
brock800_4 4 8 4 5 32 726.475372335
brock800_4 4 8 4 5 32 728.743172244
brock800_4 8 16 4 5 64 315.165198512
brock800_4 8 16 4 5 64 329.737030298
brock800_4 8 16 4 5 64 330.253473579
brock800_4 8 16 4 5 64 355.326593179
brock800_4 8 16 4 5 64 358.940897165
brock800_4 8 16 4 5 64 366.312888852
brock800_4 8 16 4 5 64 371.86251757
brock800_4 8 16 4 5 64 373.238890207
brock800_4 8 16 4 5 64 374.753462897
brock800_4 8 16 4 5 64 69.274057345
brock800_4 16 32 4 5 128 157.19903394
brock800_4 16 32 4 5 128 162.830414645
brock800_4 16 32 4 5 128 163.967508226
brock800_4 16 32 4 5 128 169.072442863
brock800_4 16 32 4 5 128 171.144099362
brock800_4 16 32 4 5 128 172.318979007
brock800_4 16 32 4 5 128 175.140444072
brock800_4 16 32 4 5 128 190.943257123
brock800_4 16 32 4 5 128 68.181379889
brock800_4 16 32 4 5 128 95.742192996
brock800_4 17 50 4 5 200 132.210211637
brock800_4 17 50 4 5 200 133.946835654
brock800_4 17 50 4 5 200 136.122275412
brock800_4 17 50 4 5 200 137.951381532
brock800_4 17 50 4 5 200 139.551671095
brock800_4 17 50 4 5 200 145.242651144
brock800_4 17 50 4 5 200 146.055147783
brock800_4 17 50 4 5 200 152.748146844
brock800_4 17 50 4 5 200 154.827814912
brock800_4 17 50 4 5 200 28.535109509
# MANN_a45 1 1 1 2 1 299.308327465
# MANN_a45 1 1 1 2 1 299.480139385
# MANN_a45 1 1 1 2 1 301.269529891
# MANN_a45 1 1 1 2 1 305.597684511
# MANN_a45 1 1 1 2 1 305.795170543
# MANN_a45 1 1 1 2 1 306.287401623
# MANN_a45 1 1 1 2 1 310.239811836
# MANN_a45 1 1 1 2 1 312.017670246
# MANN_a45 1 1 1 2 1 313.514898154
# MANN_a45 1 1 1 2 1 315.16738854
# MANN_a45 1 1 2 3 2 146.178796206
# MANN_a45 1 1 2 3 2 163.698462545
# MANN_a45 1 1 2 3 2 164.920766844
# MANN_a45 1 1 2 3 2 166.128323728
# MANN_a45 1 1 2 3 2 168.46095212
# MANN_a45 1 1 2 3 2 169.51607798
# MANN_a45 1 1 2 3 2 170.761560576
# MANN_a45 1 1 2 3 2 173.071506888
# MANN_a45 1 1 2 3 2 178.683876641
# MANN_a45 1 1 2 3 2 179.100942182
# MANN_a45 1 1 4 5 4 86.807152778
# MANN_a45 1 1 4 5 4 87.999260934
# MANN_a45 1 1 4 5 4 92.923716445
# MANN_a45 1 1 4 5 4 93.542594244
# MANN_a45 1 1 4 5 4 93.805025383
# MANN_a45 1 1 4 5 4 93.979471697
# MANN_a45 1 1 4 5 4 95.114479425
# MANN_a45 1 1 4 5 4 95.301394599
# MANN_a45 1 1 4 5 4 95.885795145
# MANN_a45 1 1 4 5 4 96.927362136
# MANN_a45 2 2 4 5 8 48.754110515
# MANN_a45 2 2 4 5 8 48.755625826
# MANN_a45 2 2 4 5 8 49.707986173
# MANN_a45 2 2 4 5 8 50.081884676
# MANN_a45 2 2 4 5 8 50.43480071
# MANN_a45 2 2 4 5 8 51.009970307
# MANN_a45 2 2 4 5 8 51.850653763
# MANN_a45 2 2 4 5 8 51.942539856
# MANN_a45 2 2 4 5 8 53.534215198
# MANN_a45 2 2 4 5 8 53.733085586
# MANN_a45 4 8 4 5 32 21.621407298
# MANN_a45 4 8 4 5 32 21.907201457
# MANN_a45 4 8 4 5 32 22.7421082
# MANN_a45 4 8 4 5 32 23.203475307
# MANN_a45 4 8 4 5 32 23.912470412
# MANN_a45 4 8 4 5 32 24.011697313
# MANN_a45 4 8 4 5 32 24.492872777
# MANN_a45 4 8 4 5 32 24.71109675
# MANN_a45 4 8 4 5 32 25.245427285
# MANN_a45 4 8 4 5 32 25.378630552
# MANN_a45 8 16 4 5 64 18.769633218
# MANN_a45 8 16 4 5 64 18.872278727
# MANN_a45 8 16 4 5 64 18.941535802
# MANN_a45 8 16 4 5 64 19.128489191
# MANN_a45 8 16 4 5 64 19.225323179
# MANN_a45 8 16 4 5 64 19.408456357
# MANN_a45 8 16 4 5 64 19.503712301
# MANN_a45 8 16 4 5 64 19.95403347
# MANN_a45 8 16 4 5 64 20.253295358
# MANN_a45 8 16 4 5 64 20.46739343
# MANN_a45 16 32 4 5 128 18.28853415
# MANN_a45 16 32 4 5 128 18.336027318
# MANN_a45 16 32 4 5 128 18.435750713
# MANN_a45 16 32 4 5 128 18.517415161
# MANN_a45 16 32 4 5 128 18.737425549
# MANN_a45 16 32 4 5 128 18.837520971
# MANN_a45 16 32 4 5 128 18.862699817
# MANN_a45 16 32 4 5 128 18.920679109
# MANN_a45 16 32 4 5 128 19.395221344
# MANN_a45 16 32 4 5 128 19.819169686
# MANN_a45 17 50 4 5 200 18.394770006
# MANN_a45 17 50 4 5 200 18.555427728
# MANN_a45 17 50 4 5 200 18.587531812
# MANN_a45 17 50 4 5 200 18.959806159
# MANN_a45 17 50 4 5 200 18.966007752
# MANN_a45 17 50 4 5 200 19.036431056
# MANN_a45 17 50 4 5 200 19.220817778
# MANN_a45 17 50 4 5 200 19.243456094
# MANN_a45 17 50 4 5 200 19.304674194
# MANN_a45 17 50 4 5 200 19.87172059
p_hat1000-2 1 1 1 2 1 283.227789144
p_hat1000-2 1 1 1 2 1 287.426751613
p_hat1000-2 1 1 1 2 1 292.113218992
p_hat1000-2 1 1 1 2 1 294.759557177
p_hat1000-2 1 1 1 2 1 299.828182207
p_hat1000-2 1 1 1 2 1 300.967150691
p_hat1000-2 1 1 1 2 1 302.217045609
p_hat1000-2 1 1 1 2 1 303.276022721
p_hat1000-2 1 1 1 2 1 303.909793817
p_hat1000-2 1 1 1 2 1 304.488057135
p_hat1000-2 1 1 2 3 2 156.840696136
p_hat1000-2 1 1 2 3 2 158.164475007
p_hat1000-2 1 1 2 3 2 158.858031565
p_hat1000-2 1 1 2 3 2 158.969838046
p_hat1000-2 1 1 2 3 2 159.05546421
p_hat1000-2 1 1 2 3 2 159.521174944
p_hat1000-2 1 1 2 3 2 160.659355517
p_hat1000-2 1 1 2 3 2 163.760537274
p_hat1000-2 1 1 2 3 2 163.795773925
p_hat1000-2 1 1 2 3 2 164.45828555
p_hat1000-2 1 1 4 5 4 88.81505836
p_hat1000-2 1 1 4 5 4 88.964704828
p_hat1000-2 1 1 4 5 4 89.078620263
p_hat1000-2 1 1 4 5 4 89.203519158
p_hat1000-2 1 1 4 5 4 89.441356097
p_hat1000-2 1 1 4 5 4 89.48353904
p_hat1000-2 1 1 4 5 4 89.576571295
p_hat1000-2 1 1 4 5 4 89.628023582
p_hat1000-2 1 1 4 5 4 89.706155344
p_hat1000-2 1 1 4 5 4 93.101236946
p_hat1000-2 2 2 4 5 8 46.052327095
p_hat1000-2 2 2 4 5 8 46.493612509
p_hat1000-2 2 2 4 5 8 46.776048739
p_hat1000-2 2 2 4 5 8 47.071325924
p_hat1000-2 2 2 4 5 8 47.271314218
p_hat1000-2 2 2 4 5 8 47.366713451
p_hat1000-2 2 2 4 5 8 47.68437187
p_hat1000-2 2 2 4 5 8 47.984842046
p_hat1000-2 2 2 4 5 8 49.116903051
p_hat1000-2 2 2 4 5 8 49.310369998
p_hat1000-2 4 8 4 5 32 13.507366527
p_hat1000-2 4 8 4 5 32 13.513678388
p_hat1000-2 4 8 4 5 32 13.575475912
p_hat1000-2 4 8 4 5 32 13.890482302
p_hat1000-2 4 8 4 5 32 13.990290296
p_hat1000-2 4 8 4 5 32 13.994316585
p_hat1000-2 4 8 4 5 32 14.235210465
p_hat1000-2 4 8 4 5 32 14.262423334
p_hat1000-2 4 8 4 5 32 16.868133283
p_hat1000-2 4 8 4 5 32 18.413704548
p_hat1000-2 8 16 4 5 64 7.463749329
p_hat1000-2 8 16 4 5 64 7.58853746
p_hat1000-2 8 16 4 5 64 7.64285908
p_hat1000-2 8 16 4 5 64 7.701119036
p_hat1000-2 8 16 4 5 64 7.842816773
p_hat1000-2 8 16 4 5 64 7.8477043
p_hat1000-2 8 16 4 5 64 7.955863922
p_hat1000-2 8 16 4 5 64 7.979052687
p_hat1000-2 8 16 4 5 64 7.991968535
p_hat1000-2 8 16 4 5 64 8.358262864
p_hat1000-2 16 32 4 5 128 4.514914433
p_hat1000-2 16 32 4 5 128 4.713236616
p_hat1000-2 16 32 4 5 128 4.770386555
p_hat1000-2 16 32 4 5 128 5.003735476
p_hat1000-2 16 32 4 5 128 5.164856747
p_hat1000-2 16 32 4 5 128 5.179483187
p_hat1000-2 16 32 4 5 128 5.29747412
p_hat1000-2 16 32 4 5 128 5.313566193
p_hat1000-2 16 32 4 5 128 5.321444216
p_hat1000-2 16 32 4 5 128 5.408958282
p_hat1000-2 17 50 4 5 200 4.230577333
p_hat1000-2 17 50 4 5 200 4.379104314
p_hat1000-2 17 50 4 5 200 4.434602733
p_hat1000-2 17 50 4 5 200 4.529673286
p_hat1000-2 17 50 4 5 200 4.557535321
p_hat1000-2 17 50 4 5 200 4.634290766
p_hat1000-2 17 50 4 5 200 4.824897173
p_hat1000-2 17 50 4 5 200 4.828626867
p_hat1000-2 17 50 4 5 200 4.899595793
p_hat1000-2 17 50 4 5 200 5.086085143
p_hat500-3 1 1 1 2 1 162.775430261
p_hat500-3 1 1 1 2 1 162.912985403
p_hat500-3 1 1 1 2 1 165.46588984
p_hat500-3 1 1 1 2 1 167.148379824
p_hat500-3 1 1 1 2 1 167.492481599
p_hat500-3 1 1 1 2 1 170.276102989
p_hat500-3 1 1 1 2 1 171.271011578
p_hat500-3 1 1 1 2 1 171.631020755
p_hat500-3 1 1 1 2 1 172.253436665
p_hat500-3 1 1 1 2 1 176.292897781
p_hat500-3 1 1 2 3 2 103.24799324
p_hat500-3 1 1 2 3 2 104.958847601
p_hat500-3 1 1 2 3 2 91.396091542
p_hat500-3 1 1 2 3 2 92.535961038
p_hat500-3 1 1 2 3 2 93.0074315
p_hat500-3 1 1 2 3 2 93.42139382
p_hat500-3 1 1 2 3 2 93.739884387
p_hat500-3 1 1 2 3 2 95.012647028
p_hat500-3 1 1 2 3 2 96.094201839
p_hat500-3 1 1 2 3 2 99.105852809
p_hat500-3 1 1 4 5 4 50.261731533
p_hat500-3 1 1 4 5 4 50.688295351
p_hat500-3 1 1 4 5 4 52.604849145
p_hat500-3 1 1 4 5 4 52.693733187
p_hat500-3 1 1 4 5 4 53.266263581
p_hat500-3 1 1 4 5 4 53.384019201
p_hat500-3 1 1 4 5 4 54.208113312
p_hat500-3 1 1 4 5 4 54.80240514
p_hat500-3 1 1 4 5 4 55.075157927
p_hat500-3 1 1 4 5 4 58.796398623
p_hat500-3 2 2 4 5 8 26.897224933
p_hat500-3 2 2 4 5 8 27.194917578
p_hat500-3 2 2 4 5 8 27.22556177
p_hat500-3 2 2 4 5 8 27.639491123
p_hat500-3 2 2 4 5 8 27.887911963
p_hat500-3 2 2 4 5 8 28.206148603
p_hat500-3 2 2 4 5 8 28.272337118
p_hat500-3 2 2 4 5 8 28.723275462
p_hat500-3 2 2 4 5 8 28.828669661
p_hat500-3 2 2 4 5 8 29.069383119
p_hat500-3 4 8 4 5 32 7.548674665
p_hat500-3 4 8 4 5 32 7.872637767
p_hat500-3 4 8 4 5 32 8.247712541
p_hat500-3 4 8 4 5 32 8.331472672
p_hat500-3 4 8 4 5 32 8.348874555
p_hat500-3 4 8 4 5 32 8.419301557
p_hat500-3 4 8 4 5 32 8.592234526
p_hat500-3 4 8 4 5 32 8.684208914
p_hat500-3 4 8 4 5 32 8.781192678
p_hat500-3 4 8 4 5 32 9.219587745
p_hat500-3 8 16 4 5 64 4.469020011
p_hat500-3 8 16 4 5 64 4.636344559
p_hat500-3 8 16 4 5 64 4.789406827
p_hat500-3 8 16 4 5 64 4.827396701
p_hat500-3 8 16 4 5 64 4.928086276
p_hat500-3 8 16 4 5 64 4.975420739
p_hat500-3 8 16 4 5 64 5.124883228
p_hat500-3 8 16 4 5 64 5.217048843
p_hat500-3 8 16 4 5 64 53.861455843
p_hat500-3 8 16 4 5 64 5.973796921
p_hat500-3 16 32 4 5 128 3.067392044
p_hat500-3 16 32 4 5 128 3.28485783
p_hat500-3 16 32 4 5 128 3.39206995
p_hat500-3 16 32 4 5 128 3.503729075
p_hat500-3 16 32 4 5 128 3.565178999
p_hat500-3 16 32 4 5 128 3.59114012
p_hat500-3 16 32 4 5 128 3.620468413
p_hat500-3 16 32 4 5 128 3.699225364
p_hat500-3 16 32 4 5 128 3.893349181
p_hat500-3 16 32 4 5 128 50.078467103
p_hat500-3 17 50 4 5 200 3.047947281
p_hat500-3 17 50 4 5 200 3.148408458
p_hat500-3 17 50 4 5 200 3.187103808
p_hat500-3 17 50 4 5 200 3.296564199
p_hat500-3 17 50 4 5 200 3.414192719
p_hat500-3 17 50 4 5 200 3.4331754
p_hat500-3 17 50 4 5 200 3.45845318
p_hat500-3 17 50 4 5 200 3.528032494
p_hat500-3 17 50 4 5 200 3.654919683
p_hat500-3 17 50 4 5 200 52.691484456
p_hat700-3 1 1 1 2 1 2208.66361895
p_hat700-3 1 1 1 2 1 2213.842768997
p_hat700-3 1 1 1 2 1 2216.515831064
p_hat700-3 1 1 1 2 1 2247.478929957
p_hat700-3 1 1 1 2 1 2251.820646603
p_hat700-3 1 1 1 2 1 2259.069668714
p_hat700-3 1 1 1 2 1 2262.835470445
p_hat700-3 1 1 1 2 1 2285.410425862
p_hat700-3 1 1 1 2 1 2322.800850735
p_hat700-3 1 1 1 2 1 2333.135926047
p_hat700-3 1 1 2 3 2 1195.23325525
p_hat700-3 1 1 2 3 2 1197.922500277
p_hat700-3 1 1 2 3 2 1198.521522187
p_hat700-3 1 1 2 3 2 1207.264969368
p_hat700-3 1 1 2 3 2 1220.848520363
p_hat700-3 1 1 2 3 2 1226.672614897
p_hat700-3 1 1 2 3 2 1253.912052589
p_hat700-3 1 1 2 3 2 1267.055180656
p_hat700-3 1 1 2 3 2 1285.619929268
p_hat700-3 1 1 2 3 2 1291.039826421
p_hat700-3 1 1 4 5 4 655.348968967
p_hat700-3 1 1 4 5 4 664.997072735
p_hat700-3 1 1 4 5 4 674.026677615
p_hat700-3 1 1 4 5 4 678.133968893
p_hat700-3 1 1 4 5 4 681.52546723
p_hat700-3 1 1 4 5 4 682.493021051
p_hat700-3 1 1 4 5 4 687.317781099
p_hat700-3 1 1 4 5 4 690.581019936
p_hat700-3 1 1 4 5 4 718.595411352
p_hat700-3 1 1 4 5 4 816.687925477
p_hat700-3 2 2 4 5 8 336.775990344
p_hat700-3 2 2 4 5 8 337.691285679
p_hat700-3 2 2 4 5 8 340.103721075
p_hat700-3 2 2 4 5 8 340.364129988
p_hat700-3 2 2 4 5 8 340.463329902
p_hat700-3 2 2 4 5 8 341.533100827
p_hat700-3 2 2 4 5 8 342.220335097
p_hat700-3 2 2 4 5 8 349.099600328
p_hat700-3 2 2 4 5 8 349.667039568
p_hat700-3 2 2 4 5 8 355.733247749
p_hat700-3 4 8 4 5 32 86.259423715
p_hat700-3 4 8 4 5 32 87.003459572
p_hat700-3 4 8 4 5 32 87.148430946
p_hat700-3 4 8 4 5 32 87.312580698
p_hat700-3 4 8 4 5 32 87.829194876
p_hat700-3 4 8 4 5 32 87.946373991
p_hat700-3 4 8 4 5 32 88.876922338
p_hat700-3 4 8 4 5 32 88.90382088
p_hat700-3 4 8 4 5 32 89.113328095
p_hat700-3 4 8 4 5 32 90.62914116
p_hat700-3 8 16 4 5 64 44.494066903
p_hat700-3 8 16 4 5 64 45.130188851
p_hat700-3 8 16 4 5 64 46.589698738
p_hat700-3 8 16 4 5 64 46.760769023
p_hat700-3 8 16 4 5 64 47.495072942
p_hat700-3 8 16 4 5 64 47.726734435
p_hat700-3 8 16 4 5 64 47.87335926
p_hat700-3 8 16 4 5 64 48.342889066
p_hat700-3 8 16 4 5 64 48.833319311
p_hat700-3 8 16 4 5 64 49.527094709
p_hat700-3 16 32 4 5 128 26.160331209
p_hat700-3 16 32 4 5 128 26.376119157
p_hat700-3 16 32 4 5 128 26.451462159
p_hat700-3 16 32 4 5 128 26.514245829
p_hat700-3 16 32 4 5 128 26.617229517
p_hat700-3 16 32 4 5 128 26.796173611
p_hat700-3 16 32 4 5 128 26.888817828
p_hat700-3 16 32 4 5 128 27.236777738
p_hat700-3 16 32 4 5 128 27.245121312
p_hat700-3 16 32 4 5 128 28.051854625
p_hat700-3 17 50 4 5 200 21.274107656
p_hat700-3 17 50 4 5 200 21.418983231
p_hat700-3 17 50 4 5 200 21.424624976
p_hat700-3 17 50 4 5 200 21.581759097
p_hat700-3 17 50 4 5 200 21.646171765
p_hat700-3 17 50 4 5 200 21.730606715
p_hat700-3 17 50 4 5 200 21.797320026
p_hat700-3 17 50 4 5 200 21.927377841
p_hat700-3 17 50 4 5 200 22.00716933
p_hat700-3 17 50 4 5 200 22.244942909
sanr200_0.9 1 1 2 3 2 38.872268796
sanr200_0.9 1 1 2 3 2 59.018005591
sanr200_0.9 1 1 2 3 2 61.788212451
sanr200_0.9 1 1 2 3 2 62.626031477
sanr200_0.9 1 1 2 3 2 63.392137324
sanr200_0.9 1 1 2 3 2 63.925308759
sanr200_0.9 1 1 2 3 2 65.336021648
sanr200_0.9 1 1 2 3 2 66.267193428
sanr200_0.9 1 1 2 3 2 69.487171817
sanr200_0.9 1 1 2 3 2 69.842133238
sanr200_0.9 1 1 4 5 4 22.155381793
sanr200_0.9 1 1 4 5 4 32.320087017
sanr200_0.9 1 1 4 5 4 34.598236571
sanr200_0.9 1 1 4 5 4 34.887014833
sanr200_0.9 1 1 4 5 4 35.409397953
sanr200_0.9 1 1 4 5 4 36.205259611
sanr200_0.9 1 1 4 5 4 37.291528184
sanr200_0.9 1 1 4 5 4 38.531588217
sanr200_0.9 1 1 4 5 4 39.935828342
sanr200_0.9 1 1 4 5 4 44.193154804
sanr200_0.9 1 1 1 2 1 105.848674413
sanr200_0.9 1 1 1 2 1 106.840787301
sanr200_0.9 1 1 1 2 1 107.051219009
sanr200_0.9 1 1 1 2 1 107.260511623
sanr200_0.9 1 1 1 2 1 108.743364229
sanr200_0.9 1 1 1 2 1 109.50799902
sanr200_0.9 1 1 1 2 1 109.754442106
sanr200_0.9 1 1 1 2 1 110.02959194
sanr200_0.9 1 1 1 2 1 111.263399471
sanr200_0.9 1 1 1 2 1 111.67700678
sanr200_0.9 2 2 4 5 8 11.319026434
sanr200_0.9 2 2 4 5 8 11.615079088
sanr200_0.9 2 2 4 5 8 11.685108906
sanr200_0.9 2 2 4 5 8 16.981783843
sanr200_0.9 2 2 4 5 8 17.139260474
sanr200_0.9 2 2 4 5 8 18.44516426
sanr200_0.9 2 2 4 5 8 18.607168886
sanr200_0.9 2 2 4 5 8 19.348970786
sanr200_0.9 2 2 4 5 8 19.386641173
sanr200_0.9 2 2 4 5 8 21.855619135
sanr200_0.9 4 8 4 5 32 4.846980211
sanr200_0.9 4 8 4 5 32 5.765467301
sanr200_0.9 4 8 4 5 32 5.831349668
sanr200_0.9 4 8 4 5 32 5.972910409
sanr200_0.9 4 8 4 5 32 6.022351447
sanr200_0.9 4 8 4 5 32 6.319309318
sanr200_0.9 4 8 4 5 32 6.345171773
sanr200_0.9 4 8 4 5 32 6.401442356
sanr200_0.9 4 8 4 5 32 6.450549634
sanr200_0.9 4 8 4 5 32 6.77524582
sanr200_0.9 8 16 4 5 64 2.577004485
sanr200_0.9 8 16 4 5 64 3.35407894
sanr200_0.9 8 16 4 5 64 3.393934698
sanr200_0.9 8 16 4 5 64 3.428401408
sanr200_0.9 8 16 4 5 64 3.560369099
sanr200_0.9 8 16 4 5 64 3.636619511
sanr200_0.9 8 16 4 5 64 3.678957518
sanr200_0.9 8 16 4 5 64 4.023020949
sanr200_0.9 8 16 4 5 64 4.088099904
sanr200_0.9 8 16 4 5 64 4.328896481
sanr200_0.9 16 32 4 5 128 2.041597692
sanr200_0.9 16 32 4 5 128 2.364793925
sanr200_0.9 16 32 4 5 128 2.485202039
sanr200_0.9 16 32 4 5 128 2.536073603
sanr200_0.9 16 32 4 5 128 2.580289973
sanr200_0.9 16 32 4 5 128 2.601259794
sanr200_0.9 16 32 4 5 128 2.73743732
sanr200_0.9 16 32 4 5 128 2.739442599
sanr200_0.9 16 32 4 5 128 2.74108771
sanr200_0.9 16 32 4 5 128 2.937018882
sanr200_0.9 17 50 4 5 200 2.065147248
sanr200_0.9 17 50 4 5 200 2.308610478
sanr200_0.9 17 50 4 5 200 2.342676721
sanr200_0.9 17 50 4 5 200 2.402198415
sanr200_0.9 17 50 4 5 200 2.489839186
sanr200_0.9 17 50 4 5 200 2.49200124
sanr200_0.9 17 50 4 5 200 2.581556774
sanr200_0.9 17 50 4 5 200 2.583483722
sanr200_0.9 17 50 4 5 200 2.65789028
sanr200_0.9 17 50 4 5 200 2.724754926
sanr400_0.7 1 1 2 3 2 146.762046228
sanr400_0.7 1 1 2 3 2 150.64833751
sanr400_0.7 1 1 2 3 2 151.174860257
sanr400_0.7 1 1 2 3 2 157.003470606
sanr400_0.7 1 1 2 3 2 157.110092252
sanr400_0.7 1 1 2 3 2 159.215467184
sanr400_0.7 1 1 2 3 2 160.433563378
sanr400_0.7 1 1 2 3 2 161.820607369
sanr400_0.7 1 1 2 3 2 162.597879905
sanr400_0.7 1 1 2 3 2 164.146834956
sanr400_0.7 1 1 4 5 4 80.67927485
sanr400_0.7 1 1 4 5 4 82.624331443
sanr400_0.7 1 1 4 5 4 84.088982039
sanr400_0.7 1 1 4 5 4 84.984526152
sanr400_0.7 1 1 4 5 4 87.801056796
sanr400_0.7 1 1 4 5 4 88.14946042
sanr400_0.7 1 1 4 5 4 88.510648752
sanr400_0.7 1 1 4 5 4 88.77154538
sanr400_0.7 1 1 4 5 4 89.652938831
sanr400_0.7 1 1 4 5 4 89.806690999
sanr400_0.7 1 1 1 2 1 293.46847963
sanr400_0.7 1 1 1 2 1 298.926054434
sanr400_0.7 1 1 1 2 1 303.204648928
sanr400_0.7 1 1 1 2 1 303.247537001
sanr400_0.7 1 1 1 2 1 303.725048349
sanr400_0.7 1 1 1 2 1 310.588618372
sanr400_0.7 1 1 1 2 1 311.263967648
sanr400_0.7 1 1 1 2 1 312.120591273
sanr400_0.7 1 1 1 2 1 313.35386855
sanr400_0.7 1 1 1 2 1 313.649750517
sanr400_0.7 2 2 4 5 8 42.940995837
sanr400_0.7 2 2 4 5 8 43.319722401
sanr400_0.7 2 2 4 5 8 43.334560284
sanr400_0.7 2 2 4 5 8 43.486976466
sanr400_0.7 2 2 4 5 8 43.550093958
sanr400_0.7 2 2 4 5 8 43.862443798
sanr400_0.7 2 2 4 5 8 44.194812896
sanr400_0.7 2 2 4 5 8 45.016686158
sanr400_0.7 2 2 4 5 8 46.291676911
sanr400_0.7 2 2 4 5 8 46.387367493
sanr400_0.7 4 8 4 5 32 12.396865817
sanr400_0.7 4 8 4 5 32 12.72825301
sanr400_0.7 4 8 4 5 32 12.94656503
sanr400_0.7 4 8 4 5 32 13.049442398
sanr400_0.7 4 8 4 5 32 13.350589099
sanr400_0.7 4 8 4 5 32 13.440782459
sanr400_0.7 4 8 4 5 32 13.459122727
sanr400_0.7 4 8 4 5 32 13.584918649
sanr400_0.7 4 8 4 5 32 13.59903126
sanr400_0.7 4 8 4 5 32 14.003138556
sanr400_0.7 8 16 4 5 64 6.756466471
sanr400_0.7 8 16 4 5 64 7.133841814
sanr400_0.7 8 16 4 5 64 7.346184049
sanr400_0.7 8 16 4 5 64 7.358845775
sanr400_0.7 8 16 4 5 64 7.388760623
sanr400_0.7 8 16 4 5 64 7.490807923
sanr400_0.7 8 16 4 5 64 7.532787299
sanr400_0.7 8 16 4 5 64 7.536580473
sanr400_0.7 8 16 4 5 64 7.565430543
sanr400_0.7 8 16 4 5 64 7.988264489
sanr400_0.7 16 32 4 5 128 4.110978315
sanr400_0.7 16 32 4 5 128 4.351846907
sanr400_0.7 16 32 4 5 128 4.370780949
sanr400_0.7 16 32 4 5 128 4.412175672
sanr400_0.7 16 32 4 5 128 4.501979842
sanr400_0.7 16 32 4 5 128 4.563573281
sanr400_0.7 16 32 4 5 128 4.567670419
sanr400_0.7 16 32 4 5 128 4.624736883
sanr400_0.7 16 32 4 5 128 4.646074453
sanr400_0.7 16 32 4 5 128 4.962262469
sanr400_0.7 17 50 4 5 200 3.799603196
sanr400_0.7 17 50 4 5 200 3.81721774
sanr400_0.7 17 50 4 5 200 3.858549447
sanr400_0.7 17 50 4 5 200 3.941857737
sanr400_0.7 17 50 4 5 200 3.998407387
sanr400_0.7 17 50 4 5 200 4.064849678
sanr400_0.7 17 50 4 5 200 4.078189753
sanr400_0.7 17 50 4 5 200 4.216507584
sanr400_0.7 17 50 4 5 200 4.299132039
sanr400_0.7 17 50 4 5 200 4.553657759
