variant benchmark hosts processes schedulers cores workers runtime
Ordered brock400_1 1 1 1 2 1 1000.250393322
Ordered brock400_1 1 1 1 2 1 1013.306621994
Ordered brock400_1 1 1 1 2 1 1039.792007979
Ordered brock400_1 1 1 1 2 1 973.770391706
Ordered brock400_1 1 1 1 2 1 976.874900559
Ordered brock400_1 1 1 1 2 1 977.850336799
Ordered brock400_1 1 1 1 2 1 977.979956376
Ordered brock400_1 1 1 1 2 1 980.360957515
Ordered brock400_1 1 1 1 2 1 982.934723685
Ordered brock400_1 1 1 1 2 1 998.028285182
Ordered brock400_1 1 1 2 3 2 451.344066361
Ordered brock400_1 1 1 2 3 2 453.169589031
Ordered brock400_1 1 1 2 3 2 457.085762052
Ordered brock400_1 1 1 2 3 2 458.595365845
Ordered brock400_1 1 1 2 3 2 461.812800401
Ordered brock400_1 1 1 2 3 2 464.520447592
Ordered brock400_1 1 1 2 3 2 465.041625144
Ordered brock400_1 1 1 2 3 2 467.333571577
Ordered brock400_1 1 1 2 3 2 468.669264855
Ordered brock400_1 1 1 2 3 2 470.600061703
Ordered brock400_1 1 1 4 5 4 249.259483472
Ordered brock400_1 1 1 4 5 4 250.333569799
Ordered brock400_1 1 1 4 5 4 250.93928806
Ordered brock400_1 1 1 4 5 4 250.995434609
Ordered brock400_1 1 1 4 5 4 251.071855129
Ordered brock400_1 1 1 4 5 4 251.827180009
Ordered brock400_1 1 1 4 5 4 251.995105816
Ordered brock400_1 1 1 4 5 4 253.211027421
Ordered brock400_1 1 1 4 5 4 253.48367094
Ordered brock400_1 1 1 4 5 4 254.161036981
Ordered brock400_1 2 2 4 5 8 127.713556835
Ordered brock400_1 2 2 4 5 8 128.329478743
Ordered brock400_1 2 2 4 5 8 128.482567603
Ordered brock400_1 2 2 4 5 8 128.670298711
Ordered brock400_1 2 2 4 5 8 129.239450919
Ordered brock400_1 2 2 4 5 8 129.448201193
Ordered brock400_1 2 2 4 5 8 129.638626968
Ordered brock400_1 2 2 4 5 8 130.414959355
Ordered brock400_1 2 2 4 5 8 130.444094767
Ordered brock400_1 2 2 4 5 8 130.757292133
Ordered brock400_1 2 2 4 5 8 131.491918618
Ordered brock400_1 4 8 4 5 32 34.707308088
Ordered brock400_1 4 8 4 5 32 34.779922204
Ordered brock400_1 4 8 4 5 32 34.795342359
Ordered brock400_1 4 8 4 5 32 35.177068097
Ordered brock400_1 4 8 4 5 32 35.179572818
Ordered brock400_1 4 8 4 5 32 35.265019515
Ordered brock400_1 4 8 4 5 32 35.341168729
Ordered brock400_1 4 8 4 5 32 35.372664973
Ordered brock400_1 4 8 4 5 32 35.635852177
Ordered brock400_1 4 8 4 5 32 35.664697871
Ordered brock400_1 8 16 4 5 64 18.610848298
Ordered brock400_1 8 16 4 5 64 19.087133926
Ordered brock400_1 8 16 4 5 64 19.324936487
Ordered brock400_1 8 16 4 5 64 19.389836538
Ordered brock400_1 8 16 4 5 64 19.482295027
Ordered brock400_1 8 16 4 5 64 19.565106341
Ordered brock400_1 8 16 4 5 64 19.81935355
Ordered brock400_1 8 16 4 5 64 19.866599008
Ordered brock400_1 8 16 4 5 64 20.012715582
Ordered brock400_1 8 16 4 5 64 21.012531651
Ordered brock400_1 16 32 4 5 128 11.357270308
Ordered brock400_1 16 32 4 5 128 11.413498271
Ordered brock400_1 16 32 4 5 128 11.523569369
Ordered brock400_1 16 32 4 5 128 11.533984644
Ordered brock400_1 16 32 4 5 128 11.594319785
Ordered brock400_1 16 32 4 5 128 11.68732876
Ordered brock400_1 16 32 4 5 128 11.736635119
Ordered brock400_1 16 32 4 5 128 12.355843558
Ordered brock400_1 16 32 4 5 128 12.407641629
Ordered brock400_1 16 32 4 5 128 12.455551128
Ordered brock400_1 17 50 4 5 200 10.113357745
Ordered brock400_1 17 50 4 5 200 10.211558958
Ordered brock400_1 17 50 4 5 200 10.248908385
Ordered brock400_1 17 50 4 5 200 10.405230253
Ordered brock400_1 17 50 4 5 200 10.425380305
Ordered brock400_1 17 50 4 5 200 10.638686067
Ordered brock400_1 17 50 4 5 200 9.536131979
Ordered brock400_1 17 50 4 5 200 9.717479606
Ordered brock400_1 17 50 4 5 200 9.953202229
Ordered brock400_1 17 50 4 5 200 9.961410938
Ordered brock400_2 1 1 1 2 1 716.936209533
Ordered brock400_2 1 1 1 2 1 731.330782653
Ordered brock400_2 1 1 1 2 1 736.39590823
Ordered brock400_2 1 1 1 2 1 744.039172703
Ordered brock400_2 1 1 1 2 1 744.388204321
Ordered brock400_2 1 1 1 2 1 746.665068627
Ordered brock400_2 1 1 1 2 1 747.479124649
Ordered brock400_2 1 1 1 2 1 754.875139963
Ordered brock400_2 1 1 1 2 1 761.120107551
Ordered brock400_2 1 1 1 2 1 763.812610641
Ordered brock400_2 1 1 2 3 2 334.336226849
Ordered brock400_2 1 1 2 3 2 337.544475164
Ordered brock400_2 1 1 2 3 2 339.218697464
Ordered brock400_2 1 1 2 3 2 343.718314672
Ordered brock400_2 1 1 2 3 2 344.419095538
Ordered brock400_2 1 1 2 3 2 344.634883668
Ordered brock400_2 1 1 2 3 2 346.594440633
Ordered brock400_2 1 1 2 3 2 349.68291125
Ordered brock400_2 1 1 2 3 2 356.073702076
Ordered brock400_2 1 1 2 3 2 358.504954443
Ordered brock400_2 1 1 4 5 4 157.21707977
Ordered brock400_2 1 1 4 5 4 157.536416283
Ordered brock400_2 1 1 4 5 4 158.440396311
Ordered brock400_2 1 1 4 5 4 158.78128965
Ordered brock400_2 1 1 4 5 4 159.987714395
Ordered brock400_2 1 1 4 5 4 160.850596128
Ordered brock400_2 1 1 4 5 4 161.35462501
Ordered brock400_2 1 1 4 5 4 161.944056324
Ordered brock400_2 1 1 4 5 4 162.829985988
Ordered brock400_2 1 1 4 5 4 162.910329848
Ordered brock400_2 2 2 4 5 8 79.163902321
Ordered brock400_2 2 2 4 5 8 79.326511852
Ordered brock400_2 2 2 4 5 8 79.474521228
Ordered brock400_2 2 2 4 5 8 79.90288906
Ordered brock400_2 2 2 4 5 8 79.94163338
Ordered brock400_2 2 2 4 5 8 79.996636311
Ordered brock400_2 2 2 4 5 8 80.373849433
Ordered brock400_2 2 2 4 5 8 80.395425019
Ordered brock400_2 2 2 4 5 8 80.568067152
Ordered brock400_2 2 2 4 5 8 80.71217547
Ordered brock400_2 4 8 4 5 32 21.020191291
Ordered brock400_2 4 8 4 5 32 21.27704538
Ordered brock400_2 4 8 4 5 32 21.34714138
Ordered brock400_2 4 8 4 5 32 21.667745427
Ordered brock400_2 4 8 4 5 32 21.678337402
Ordered brock400_2 4 8 4 5 32 21.832402688
Ordered brock400_2 4 8 4 5 32 21.925746154
Ordered brock400_2 4 8 4 5 32 22.191988008
Ordered brock400_2 4 8 4 5 32 22.477625099
Ordered brock400_2 4 8 4 5 32 22.633250611
Ordered brock400_2 8 16 4 5 64 11.926349295
Ordered brock400_2 8 16 4 5 64 12.106533429
Ordered brock400_2 8 16 4 5 64 12.278803288
Ordered brock400_2 8 16 4 5 64 12.546416205
Ordered brock400_2 8 16 4 5 64 12.551275675
Ordered brock400_2 8 16 4 5 64 12.688307795
Ordered brock400_2 8 16 4 5 64 12.771800004
Ordered brock400_2 8 16 4 5 64 12.906904999
Ordered brock400_2 8 16 4 5 64 12.982591582
Ordered brock400_2 8 16 4 5 64 15.785410025
Ordered brock400_2 16 32 4 5 128 7.140889597
Ordered brock400_2 16 32 4 5 128 7.362104371
Ordered brock400_2 16 32 4 5 128 7.463768631
Ordered brock400_2 16 32 4 5 128 7.547970322
Ordered brock400_2 16 32 4 5 128 7.831376135
Ordered brock400_2 16 32 4 5 128 7.859644981
Ordered brock400_2 16 32 4 5 128 7.943540292
Ordered brock400_2 16 32 4 5 128 7.978370024
Ordered brock400_2 16 32 4 5 128 8.035783707
Ordered brock400_2 16 32 4 5 128 8.150272483
Ordered brock400_2 17 50 4 5 200 6.557257654
Ordered brock400_2 17 50 4 5 200 6.62890355
Ordered brock400_2 17 50 4 5 200 6.723383806
Ordered brock400_2 17 50 4 5 200 6.838830357
Ordered brock400_2 17 50 4 5 200 6.917599148
Ordered brock400_2 17 50 4 5 200 6.978285633
Ordered brock400_2 17 50 4 5 200 7.052902818
Ordered brock400_2 17 50 4 5 200 7.205021241
Ordered brock400_2 17 50 4 5 200 7.57939392
Ordered brock400_2 17 50 4 5 200 8.797420182
Ordered brock400_3 1 1 1 2 1 569.494072327
Ordered brock400_3 1 1 1 2 1 569.75965901
Ordered brock400_3 1 1 1 2 1 573.15351343
Ordered brock400_3 1 1 1 2 1 573.163898265
Ordered brock400_3 1 1 1 2 1 573.78035145
Ordered brock400_3 1 1 1 2 1 577.579925871
Ordered brock400_3 1 1 1 2 1 581.296815695
Ordered brock400_3 1 1 1 2 1 601.730247024
Ordered brock400_3 1 1 1 2 1 604.85240555
Ordered brock400_3 1 1 1 2 1 610.548816847
Ordered brock400_3 1 1 2 3 2 237.071535112
Ordered brock400_3 1 1 2 3 2 238.488384744
Ordered brock400_3 1 1 2 3 2 239.160501424
Ordered brock400_3 1 1 2 3 2 239.612740116
Ordered brock400_3 1 1 2 3 2 239.874431802
Ordered brock400_3 1 1 2 3 2 240.597817735
Ordered brock400_3 1 1 2 3 2 242.866535723
Ordered brock400_3 1 1 2 3 2 243.055871539
Ordered brock400_3 1 1 2 3 2 243.151618584
Ordered brock400_3 1 1 2 3 2 248.572078728
Ordered brock400_3 1 1 4 5 4 107.710407954
Ordered brock400_3 1 1 4 5 4 108.208326454
Ordered brock400_3 1 1 4 5 4 108.25017115
Ordered brock400_3 1 1 4 5 4 108.254602599
Ordered brock400_3 1 1 4 5 4 108.299614873
Ordered brock400_3 1 1 4 5 4 109.211097244
Ordered brock400_3 1 1 4 5 4 109.226824606
Ordered brock400_3 1 1 4 5 4 109.312179229
Ordered brock400_3 1 1 4 5 4 111.350179477
Ordered brock400_3 1 1 4 5 4 111.652804749
Ordered brock400_3 2 2 4 5 8 52.248635586
Ordered brock400_3 2 2 4 5 8 52.455007553
Ordered brock400_3 2 2 4 5 8 52.888187977
Ordered brock400_3 2 2 4 5 8 53.026906177
Ordered brock400_3 2 2 4 5 8 53.09412191
Ordered brock400_3 2 2 4 5 8 53.119288278
Ordered brock400_3 2 2 4 5 8 53.226717272
Ordered brock400_3 2 2 4 5 8 53.480843145
Ordered brock400_3 2 2 4 5 8 53.48716316
Ordered brock400_3 2 2 4 5 8 54.105260693
Ordered brock400_3 4 8 4 5 32 14.807605858
Ordered brock400_3 4 8 4 5 32 14.978708135
Ordered brock400_3 4 8 4 5 32 15.102830811
Ordered brock400_3 4 8 4 5 32 15.352852973
Ordered brock400_3 4 8 4 5 32 15.363382444
Ordered brock400_3 4 8 4 5 32 15.415476298
Ordered brock400_3 4 8 4 5 32 15.557433036
Ordered brock400_3 4 8 4 5 32 15.60568358
Ordered brock400_3 4 8 4 5 32 15.716308766
Ordered brock400_3 4 8 4 5 32 16.486506794
Ordered brock400_3 8 16 4 5 64 8.402106613
Ordered brock400_3 8 16 4 5 64 8.412186047
Ordered brock400_3 8 16 4 5 64 8.521293513
Ordered brock400_3 8 16 4 5 64 8.680558187
Ordered brock400_3 8 16 4 5 64 8.906011589
Ordered brock400_3 8 16 4 5 64 8.910780056
Ordered brock400_3 8 16 4 5 64 9.073581352
Ordered brock400_3 8 16 4 5 64 9.126055503
Ordered brock400_3 8 16 4 5 64 9.219722989
Ordered brock400_3 8 16 4 5 64 9.319338805
Ordered brock400_3 16 32 4 5 128 5.57229926
Ordered brock400_3 16 32 4 5 128 5.678555791
Ordered brock400_3 16 32 4 5 128 5.752775488
Ordered brock400_3 16 32 4 5 128 5.800301121
Ordered brock400_3 16 32 4 5 128 5.901355055
Ordered brock400_3 16 32 4 5 128 5.904674652
Ordered brock400_3 16 32 4 5 128 5.904912275
Ordered brock400_3 16 32 4 5 128 6.136916838
Ordered brock400_3 16 32 4 5 128 6.143461322
Ordered brock400_3 16 32 4 5 128 6.613114055
Ordered brock400_3 17 50 4 5 200 5.267836616
Ordered brock400_3 17 50 4 5 200 5.44172559
Ordered brock400_3 17 50 4 5 200 5.453355766
Ordered brock400_3 17 50 4 5 200 5.562389999
Ordered brock400_3 17 50 4 5 200 5.656975642
Ordered brock400_3 17 50 4 5 200 5.658221679
Ordered brock400_3 17 50 4 5 200 5.709162667
Ordered brock400_3 17 50 4 5 200 5.718550872
Ordered brock400_3 17 50 4 5 200 5.740625899
Ordered brock400_3 17 50 4 5 200 6.02821778
Ordered brock400_4 1 1 1 2 1 271.921078767
Ordered brock400_4 1 1 1 2 1 272.343987807
Ordered brock400_4 1 1 1 2 1 273.284513871
Ordered brock400_4 1 1 1 2 1 279.646546675
Ordered brock400_4 1 1 1 2 1 280.631453359
Ordered brock400_4 1 1 1 2 1 288.883103408
Ordered brock400_4 1 1 1 2 1 289.306568424
Ordered brock400_4 1 1 1 2 1 290.66404269
Ordered brock400_4 1 1 1 2 1 291.844343621
Ordered brock400_4 1 1 1 2 1 292.741404802
Ordered brock400_4 1 1 2 3 2 77.013719112
Ordered brock400_4 1 1 2 3 2 77.706034414
Ordered brock400_4 1 1 2 3 2 77.757217037
Ordered brock400_4 1 1 2 3 2 78.686783241
Ordered brock400_4 1 1 2 3 2 78.941548863
Ordered brock400_4 1 1 2 3 2 80.00109312
Ordered brock400_4 1 1 2 3 2 80.378062242
Ordered brock400_4 1 1 2 3 2 81.087841062
Ordered brock400_4 1 1 2 3 2 81.324671184
Ordered brock400_4 1 1 2 3 2 81.47411839
Ordered brock400_4 1 1 4 5 4 34.901368979
Ordered brock400_4 1 1 4 5 4 35.086229993
Ordered brock400_4 1 1 4 5 4 35.222571237
Ordered brock400_4 1 1 4 5 4 35.340763812
Ordered brock400_4 1 1 4 5 4 35.472716575
Ordered brock400_4 1 1 4 5 4 35.628609101
Ordered brock400_4 1 1 4 5 4 35.770327977
Ordered brock400_4 1 1 4 5 4 35.824265615
Ordered brock400_4 1 1 4 5 4 36.221896912
Ordered brock400_4 1 1 4 5 4 36.279449118
Ordered brock400_4 2 2 4 5 8 17.901474293
Ordered brock400_4 2 2 4 5 8 17.986622643
Ordered brock400_4 2 2 4 5 8 18.299490659
Ordered brock400_4 2 2 4 5 8 18.376267785
Ordered brock400_4 2 2 4 5 8 18.615741066
Ordered brock400_4 2 2 4 5 8 18.896850458
Ordered brock400_4 2 2 4 5 8 18.915716805
Ordered brock400_4 2 2 4 5 8 18.991782581
Ordered brock400_4 2 2 4 5 8 19.034909954
Ordered brock400_4 2 2 4 5 8 19.174426194
Ordered brock400_4 4 8 4 5 32 5.958089779
Ordered brock400_4 4 8 4 5 32 6.003145003
Ordered brock400_4 4 8 4 5 32 6.057074405
Ordered brock400_4 4 8 4 5 32 6.301296142
Ordered brock400_4 4 8 4 5 32 6.302448092
Ordered brock400_4 4 8 4 5 32 6.484770183
Ordered brock400_4 4 8 4 5 32 6.558360373
Ordered brock400_4 4 8 4 5 32 6.798435364
Ordered brock400_4 4 8 4 5 32 7.043220839
Ordered brock400_4 4 8 4 5 32 7.266303949
Ordered brock400_4 8 16 4 5 64 3.794962164
Ordered brock400_4 8 16 4 5 64 3.94584112
Ordered brock400_4 8 16 4 5 64 4.082371701
Ordered brock400_4 8 16 4 5 64 4.325113397
Ordered brock400_4 8 16 4 5 64 4.381873713
Ordered brock400_4 8 16 4 5 64 4.38596629
Ordered brock400_4 8 16 4 5 64 4.467586432
Ordered brock400_4 8 16 4 5 64 4.489874622
Ordered brock400_4 8 16 4 5 64 4.49578492
Ordered brock400_4 8 16 4 5 64 4.503045556
Ordered brock400_4 16 32 4 5 128 3.26902252
Ordered brock400_4 16 32 4 5 128 3.380567744
Ordered brock400_4 16 32 4 5 128 3.564369232
Ordered brock400_4 16 32 4 5 128 3.574154252
Ordered brock400_4 16 32 4 5 128 3.709546339
Ordered brock400_4 16 32 4 5 128 3.791275447
Ordered brock400_4 16 32 4 5 128 3.803868993
Ordered brock400_4 16 32 4 5 128 3.823875235
Ordered brock400_4 16 32 4 5 128 3.88289845
Ordered brock400_4 16 32 4 5 128 4.515434707
Ordered brock400_4 17 50 4 5 200 3.508535158
Ordered brock400_4 17 50 4 5 200 3.877645381
Ordered brock400_4 17 50 4 5 200 3.94071303
Ordered brock400_4 17 50 4 5 200 4.042389068
Ordered brock400_4 17 50 4 5 200 4.183800577
Ordered brock400_4 17 50 4 5 200 4.219031413
Ordered brock400_4 17 50 4 5 200 4.257950787
Ordered brock400_4 17 50 4 5 200 4.279612185
Ordered brock400_4 17 50 4 5 200 4.597095968
Ordered brock400_4 17 50 4 5 200 6.568025487
Ordered brock800_1 1 1 1 2 1 NA
Ordered brock800_1 1 1 1 2 1 NA
Ordered brock800_1 1 1 1 2 1 NA
Ordered brock800_1 1 1 1 2 1 NA
Ordered brock800_1 1 1 1 2 1 NA
Ordered brock800_1 1 1 1 2 1 NA
Ordered brock800_1 1 1 1 2 1 NA
Ordered brock800_1 1 1 1 2 1 NA
Ordered brock800_1 1 1 1 2 1 NA
Ordered brock800_1 1 1 1 2 1 NA
Ordered brock800_1 1 1 2 3 2 NA
Ordered brock800_1 1 1 2 3 2 NA
Ordered brock800_1 1 1 2 3 2 NA
Ordered brock800_1 1 1 2 3 2 NA
Ordered brock800_1 1 1 2 3 2 NA
Ordered brock800_1 1 1 2 3 2 NA
Ordered brock800_1 1 1 2 3 2 NA
Ordered brock800_1 1 1 2 3 2 NA
Ordered brock800_1 1 1 2 3 2 NA
Ordered brock800_1 1 1 2 3 2 NA
Ordered brock800_1 1 1 4 5 4 3271.891795576
Ordered brock800_1 1 1 4 5 4 3284.786371952
Ordered brock800_1 1 1 4 5 4 3288.925930275
Ordered brock800_1 1 1 4 5 4 3292.771209053
Ordered brock800_1 1 1 4 5 4 3296.51480703
Ordered brock800_1 1 1 4 5 4 3297.955630409
Ordered brock800_1 1 1 4 5 4 3304.985213376
Ordered brock800_1 1 1 4 5 4 3331.69805987
Ordered brock800_1 1 1 4 5 4 3353.574020291
Ordered brock800_1 1 1 4 5 4 3370.934208834
Ordered brock800_1 2 2 4 5 8 1663.924198258
Ordered brock800_1 2 2 4 5 8 1665.037417383
Ordered brock800_1 2 2 4 5 8 1666.858751008
Ordered brock800_1 2 2 4 5 8 1667.989354774
Ordered brock800_1 2 2 4 5 8 1669.516575021
Ordered brock800_1 2 2 4 5 8 1669.571813342
Ordered brock800_1 2 2 4 5 8 1670.591247823
Ordered brock800_1 2 2 4 5 8 1672.531790206
Ordered brock800_1 2 2 4 5 8 1674.992978982
Ordered brock800_1 2 2 4 5 8 1676.01108113
Ordered brock800_1 4 8 4 5 32 430.960937764
Ordered brock800_1 4 8 4 5 32 431.490078
Ordered brock800_1 4 8 4 5 32 431.530571805
Ordered brock800_1 4 8 4 5 32 431.650066955
Ordered brock800_1 4 8 4 5 32 431.966615277
Ordered brock800_1 4 8 4 5 32 432.54577019
Ordered brock800_1 4 8 4 5 32 432.580687506
Ordered brock800_1 4 8 4 5 32 432.636644268
Ordered brock800_1 4 8 4 5 32 432.775594206
Ordered brock800_1 4 8 4 5 32 435.880499955
Ordered brock800_1 8 16 4 5 64 219.481709436
Ordered brock800_1 8 16 4 5 64 219.5964423
Ordered brock800_1 8 16 4 5 64 219.648100906
Ordered brock800_1 8 16 4 5 64 220.744105446
Ordered brock800_1 8 16 4 5 64 220.969208141
Ordered brock800_1 8 16 4 5 64 221.177241132
Ordered brock800_1 8 16 4 5 64 221.244854536
Ordered brock800_1 8 16 4 5 64 221.273933619
Ordered brock800_1 8 16 4 5 64 221.301409936
Ordered brock800_1 8 16 4 5 64 221.998292028
Ordered brock800_1 16 32 4 5 128 114.502371547
Ordered brock800_1 16 32 4 5 128 115.118054066
Ordered brock800_1 16 32 4 5 128 115.15963892
Ordered brock800_1 16 32 4 5 128 116.159125552
Ordered brock800_1 16 32 4 5 128 116.523739308
Ordered brock800_1 16 32 4 5 128 116.559748445
Ordered brock800_1 16 32 4 5 128 116.888148625
Ordered brock800_1 16 32 4 5 128 116.890841572
Ordered brock800_1 16 32 4 5 128 116.976872859
Ordered brock800_1 16 32 4 5 128 122.047800417
Ordered brock800_1 17 50 4 5 200 90.101570461
Ordered brock800_1 17 50 4 5 200 90.60906546
Ordered brock800_1 17 50 4 5 200 91.157894102
Ordered brock800_1 17 50 4 5 200 91.37477504
Ordered brock800_1 17 50 4 5 200 91.711491143
Ordered brock800_1 17 50 4 5 200 92.071798308
Ordered brock800_1 17 50 4 5 200 92.535497818
Ordered brock800_1 17 50 4 5 200 92.706038369
Ordered brock800_1 17 50 4 5 200 93.377624212
Ordered brock800_1 17 50 4 5 200 95.364849554
Ordered brock800_2 1 1 1 2 1 NA
Ordered brock800_2 1 1 1 2 1 NA
Ordered brock800_2 1 1 1 2 1 NA
Ordered brock800_2 1 1 1 2 1 NA
Ordered brock800_2 1 1 1 2 1 NA
Ordered brock800_2 1 1 1 2 1 NA
Ordered brock800_2 1 1 1 2 1 NA
Ordered brock800_2 1 1 1 2 1 NA
Ordered brock800_2 1 1 1 2 1 NA
Ordered brock800_2 1 1 1 2 1 NA
Ordered brock800_2 1 1 2 3 2 NA
Ordered brock800_2 1 1 2 3 2 NA
Ordered brock800_2 1 1 2 3 2 NA
Ordered brock800_2 1 1 2 3 2 NA
Ordered brock800_2 1 1 2 3 2 NA
Ordered brock800_2 1 1 2 3 2 NA
Ordered brock800_2 1 1 2 3 2 NA
Ordered brock800_2 1 1 2 3 2 NA
Ordered brock800_2 1 1 2 3 2 NA
Ordered brock800_2 1 1 2 3 2 NA
Ordered brock800_2 1 1 4 5 4 3230.937936483
Ordered brock800_2 1 1 4 5 4 3240.553204278
Ordered brock800_2 1 1 4 5 4 3253.76733103
Ordered brock800_2 1 1 4 5 4 3256.87486682
Ordered brock800_2 1 1 4 5 4 3258.05717479
Ordered brock800_2 1 1 4 5 4 3274.876997979
Ordered brock800_2 1 1 4 5 4 3284.904704107
Ordered brock800_2 1 1 4 5 4 3290.091843445
Ordered brock800_2 1 1 4 5 4 3292.335263606
Ordered brock800_2 1 1 4 5 4 3294.644504449
Ordered brock800_2 2 2 4 5 8 1614.105515953
Ordered brock800_2 2 2 4 5 8 1615.046763786
Ordered brock800_2 2 2 4 5 8 1615.351266529
Ordered brock800_2 2 2 4 5 8 1622.358924148
Ordered brock800_2 2 2 4 5 8 1622.751104068
Ordered brock800_2 2 2 4 5 8 1624.254834555
Ordered brock800_2 2 2 4 5 8 1627.396871935
Ordered brock800_2 2 2 4 5 8 1628.398511537
Ordered brock800_2 2 2 4 5 8 1630.574146637
Ordered brock800_2 2 2 4 5 8 1641.1836329
Ordered brock800_2 4 8 4 5 32 415.197926323
Ordered brock800_2 4 8 4 5 32 415.542090708
Ordered brock800_2 4 8 4 5 32 416.666440362
Ordered brock800_2 4 8 4 5 32 417.54760596
Ordered brock800_2 4 8 4 5 32 417.795578722
Ordered brock800_2 4 8 4 5 32 418.042003387
Ordered brock800_2 4 8 4 5 32 418.182326227
Ordered brock800_2 4 8 4 5 32 418.523724677
Ordered brock800_2 4 8 4 5 32 418.636911968
Ordered brock800_2 4 8 4 5 32 420.487472865
Ordered brock800_2 8 16 4 5 64 212.505747256
Ordered brock800_2 8 16 4 5 64 212.745554533
Ordered brock800_2 8 16 4 5 64 213.264718
Ordered brock800_2 8 16 4 5 64 213.380423701
Ordered brock800_2 8 16 4 5 64 213.623321077
Ordered brock800_2 8 16 4 5 64 213.968549019
Ordered brock800_2 8 16 4 5 64 214.041329344
Ordered brock800_2 8 16 4 5 64 214.114431746
Ordered brock800_2 8 16 4 5 64 214.248673962
Ordered brock800_2 8 16 4 5 64 214.550087947
Ordered brock800_2 16 32 4 5 128 112.978045358
Ordered brock800_2 16 32 4 5 128 113.08795266
Ordered brock800_2 16 32 4 5 128 113.111933289
Ordered brock800_2 16 32 4 5 128 113.193145004
Ordered brock800_2 16 32 4 5 128 113.526201516
Ordered brock800_2 16 32 4 5 128 113.78121139
Ordered brock800_2 16 32 4 5 128 113.919306669
Ordered brock800_2 16 32 4 5 128 113.966548748
Ordered brock800_2 16 32 4 5 128 114.041437459
Ordered brock800_2 16 32 4 5 128 114.043998828
Ordered brock800_2 17 50 4 5 200 89.89358691
Ordered brock800_2 17 50 4 5 200 90.217228158
Ordered brock800_2 17 50 4 5 200 90.250998197
Ordered brock800_2 17 50 4 5 200 90.335731234
Ordered brock800_2 17 50 4 5 200 90.391368938
Ordered brock800_2 17 50 4 5 200 90.558136054
Ordered brock800_2 17 50 4 5 200 90.58367504
Ordered brock800_2 17 50 4 5 200 90.58657425
Ordered brock800_2 17 50 4 5 200 91.152639072
Ordered brock800_2 17 50 4 5 200 91.397552393
Ordered brock800_3 1 1 1 2 1 NA
Ordered brock800_3 1 1 1 2 1 NA
Ordered brock800_3 1 1 1 2 1 NA
Ordered brock800_3 1 1 1 2 1 NA
Ordered brock800_3 1 1 1 2 1 NA
Ordered brock800_3 1 1 1 2 1 NA
Ordered brock800_3 1 1 1 2 1 NA
Ordered brock800_3 1 1 1 2 1 NA
Ordered brock800_3 1 1 1 2 1 NA
Ordered brock800_3 1 1 1 2 1 NA
Ordered brock800_3 1 1 2 3 2 NA
Ordered brock800_3 1 1 2 3 2 NA
Ordered brock800_3 1 1 2 3 2 NA
Ordered brock800_3 1 1 2 3 2 NA
Ordered brock800_3 1 1 2 3 2 NA
Ordered brock800_3 1 1 2 3 2 NA
Ordered brock800_3 1 1 2 3 2 NA
Ordered brock800_3 1 1 2 3 2 NA
Ordered brock800_3 1 1 2 3 2 NA
Ordered brock800_3 1 1 2 3 2 NA
Ordered brock800_3 1 1 4 5 4 2147.483216406
Ordered brock800_3 1 1 4 5 4 2147.790722536
Ordered brock800_3 1 1 4 5 4 2149.783888867
Ordered brock800_3 1 1 4 5 4 2154.540219844
Ordered brock800_3 1 1 4 5 4 2163.759842807
Ordered brock800_3 1 1 4 5 4 2175.143183078
Ordered brock800_3 1 1 4 5 4 2183.09483601
Ordered brock800_3 1 1 4 5 4 2186.107463484
Ordered brock800_3 1 1 4 5 4 2187.000850366
Ordered brock800_3 1 1 4 5 4 2195.704606173
Ordered brock800_3 2 2 4 5 8 1051.814796567
Ordered brock800_3 2 2 4 5 8 1052.644351966
Ordered brock800_3 2 2 4 5 8 1059.898299893
Ordered brock800_3 2 2 4 5 8 1061.333274738
Ordered brock800_3 2 2 4 5 8 1062.247189681
Ordered brock800_3 2 2 4 5 8 1063.501529965
Ordered brock800_3 2 2 4 5 8 1064.750742682
Ordered brock800_3 2 2 4 5 8 1066.202188489
Ordered brock800_3 2 2 4 5 8 1069.028794923
Ordered brock800_3 2 2 4 5 8 1069.146418234
Ordered brock800_3 4 8 4 5 32 271.650614532
Ordered brock800_3 4 8 4 5 32 272.356834294
Ordered brock800_3 4 8 4 5 32 272.621527415
Ordered brock800_3 4 8 4 5 32 272.89974496
Ordered brock800_3 4 8 4 5 32 272.945004768
Ordered brock800_3 4 8 4 5 32 272.989392863
Ordered brock800_3 4 8 4 5 32 273.438436537
Ordered brock800_3 4 8 4 5 32 273.768639832
Ordered brock800_3 4 8 4 5 32 276.82263572
Ordered brock800_3 4 8 4 5 32 990.674662636
Ordered brock800_3 8 16 4 5 64 1070.103952482
Ordered brock800_3 8 16 4 5 64 140.077911591
Ordered brock800_3 8 16 4 5 64 140.119646992
Ordered brock800_3 8 16 4 5 64 140.551649755
Ordered brock800_3 8 16 4 5 64 140.586351914
Ordered brock800_3 8 16 4 5 64 140.79699529
Ordered brock800_3 8 16 4 5 64 141.690638138
Ordered brock800_3 8 16 4 5 64 141.9164918
Ordered brock800_3 8 16 4 5 64 142.467059227
Ordered brock800_3 8 16 4 5 64 142.767052792
Ordered brock800_3 16 32 4 5 128 76.032761494
Ordered brock800_3 16 32 4 5 128 76.266412625
Ordered brock800_3 16 32 4 5 128 77.033597152
Ordered brock800_3 16 32 4 5 128 77.090045876
Ordered brock800_3 16 32 4 5 128 77.339424438
Ordered brock800_3 16 32 4 5 128 77.371211701
Ordered brock800_3 16 32 4 5 128 77.519484255
Ordered brock800_3 16 32 4 5 128 77.816112266
Ordered brock800_3 16 32 4 5 128 78.324818928
Ordered brock800_3 16 32 4 5 128 78.508804618
Ordered brock800_3 17 50 4 5 200 60.078235469
Ordered brock800_3 17 50 4 5 200 60.281124375
Ordered brock800_3 17 50 4 5 200 60.316217848
Ordered brock800_3 17 50 4 5 200 60.401439266
Ordered brock800_3 17 50 4 5 200 60.784974095
Ordered brock800_3 17 50 4 5 200 61.029521872
Ordered brock800_3 17 50 4 5 200 61.434750833
Ordered brock800_3 17 50 4 5 200 61.736610995
Ordered brock800_3 17 50 4 5 200 61.901836965
Ordered brock800_3 17 50 4 5 200 62.926416062
Ordered brock800_4 1 1 1 2 1 NA
Ordered brock800_4 1 1 1 2 1 NA
Ordered brock800_4 1 1 1 2 1 NA
Ordered brock800_4 1 1 1 2 1 NA
Ordered brock800_4 1 1 1 2 1 NA
Ordered brock800_4 1 1 1 2 1 NA
Ordered brock800_4 1 1 1 2 1 NA
Ordered brock800_4 1 1 1 2 1 NA
Ordered brock800_4 1 1 1 2 1 NA
Ordered brock800_4 1 1 1 2 1 NA
Ordered brock800_4 1 1 2 3 2 2455.307066589
Ordered brock800_4 1 1 2 3 2 2457.891797919
Ordered brock800_4 1 1 2 3 2 2461.812546291
Ordered brock800_4 1 1 2 3 2 2463.473919868
Ordered brock800_4 1 1 2 3 2 2468.552025516
Ordered brock800_4 1 1 2 3 2 2488.500625013
Ordered brock800_4 1 1 2 3 2 2502.117751633
Ordered brock800_4 1 1 2 3 2 2503.100519057
Ordered brock800_4 1 1 2 3 2 2519.911556211
Ordered brock800_4 1 1 2 3 2 2532.901706777
Ordered brock800_4 1 1 4 5 4 1545.888131636
Ordered brock800_4 1 1 4 5 4 1550.831378744
Ordered brock800_4 1 1 4 5 4 1550.935389722
Ordered brock800_4 1 1 4 5 4 1554.103347245
Ordered brock800_4 1 1 4 5 4 1554.965638675
Ordered brock800_4 1 1 4 5 4 1555.869993751
Ordered brock800_4 1 1 4 5 4 1562.845952259
Ordered brock800_4 1 1 4 5 4 1563.326675277
Ordered brock800_4 1 1 4 5 4 1575.25213625
Ordered brock800_4 1 1 4 5 4 1591.337425596
Ordered brock800_4 2 2 4 5 8 779.94746328
Ordered brock800_4 2 2 4 5 8 781.511321531
Ordered brock800_4 2 2 4 5 8 786.141946289
Ordered brock800_4 2 2 4 5 8 787.149278828
Ordered brock800_4 2 2 4 5 8 789.580878958
Ordered brock800_4 2 2 4 5 8 792.344406865
Ordered brock800_4 2 2 4 5 8 793.037181752
Ordered brock800_4 2 2 4 5 8 793.319814564
Ordered brock800_4 2 2 4 5 8 794.503028362
Ordered brock800_4 2 2 4 5 8 799.256389518
Ordered brock800_4 4 8 4 5 32 203.622660142
Ordered brock800_4 4 8 4 5 32 204.15550889
Ordered brock800_4 4 8 4 5 32 204.34903343
Ordered brock800_4 4 8 4 5 32 204.946306893
Ordered brock800_4 4 8 4 5 32 205.105964237
Ordered brock800_4 4 8 4 5 32 205.234952869
Ordered brock800_4 4 8 4 5 32 205.359717692
Ordered brock800_4 4 8 4 5 32 205.50059943
Ordered brock800_4 4 8 4 5 32 206.174652064
Ordered brock800_4 4 8 4 5 32 209.022773159
Ordered brock800_4 8 16 4 5 64 105.487759935
Ordered brock800_4 8 16 4 5 64 105.488059436
Ordered brock800_4 8 16 4 5 64 105.667709144
Ordered brock800_4 8 16 4 5 64 105.81715006
Ordered brock800_4 8 16 4 5 64 105.973835187
Ordered brock800_4 8 16 4 5 64 105.997168658
Ordered brock800_4 8 16 4 5 64 106.057594927
Ordered brock800_4 8 16 4 5 64 106.516114005
Ordered brock800_4 8 16 4 5 64 106.598367783
Ordered brock800_4 8 16 4 5 64 107.688882372
Ordered brock800_4 16 32 4 5 128 57.064550194
Ordered brock800_4 16 32 4 5 128 57.205244227
Ordered brock800_4 16 32 4 5 128 57.42662253
Ordered brock800_4 16 32 4 5 128 57.799377879
Ordered brock800_4 16 32 4 5 128 57.877045983
Ordered brock800_4 16 32 4 5 128 57.961945059
Ordered brock800_4 16 32 4 5 128 58.328200264
Ordered brock800_4 16 32 4 5 128 58.451116362
Ordered brock800_4 16 32 4 5 128 58.575329011
Ordered brock800_4 16 32 4 5 128 58.671533474
Ordered brock800_4 17 50 4 5 200 46.78157648
Ordered brock800_4 17 50 4 5 200 46.963725328
Ordered brock800_4 17 50 4 5 200 47.740108603
Ordered brock800_4 17 50 4 5 200 47.845079425
Ordered brock800_4 17 50 4 5 200 47.924213891
Ordered brock800_4 17 50 4 5 200 48.7289324
Ordered brock800_4 17 50 4 5 200 48.965325936
Ordered brock800_4 17 50 4 5 200 49.232184387
Ordered brock800_4 17 50 4 5 200 49.646524937
Ordered brock800_4 17 50 4 5 200 49.909461409
Ordered MANN_a45 1 1 1 2 1 238.014018013
Ordered MANN_a45 1 1 1 2 1 239.373019742
Ordered MANN_a45 1 1 1 2 1 240.679211238
Ordered MANN_a45 1 1 1 2 1 242.584787631
Ordered MANN_a45 1 1 1 2 1 243.753471281
Ordered MANN_a45 1 1 1 2 1 249.806761684
Ordered MANN_a45 1 1 1 2 1 252.005891904
Ordered MANN_a45 1 1 1 2 1 253.430712749
Ordered MANN_a45 1 1 1 2 1 253.888041282
Ordered MANN_a45 1 1 1 2 1 256.551071463
Ordered MANN_a45 1 1 2 3 2 142.426026882
Ordered MANN_a45 1 1 2 3 2 142.983068943
Ordered MANN_a45 1 1 2 3 2 143.371468038
Ordered MANN_a45 1 1 2 3 2 145.101519459
Ordered MANN_a45 1 1 2 3 2 145.371619022
Ordered MANN_a45 1 1 2 3 2 145.719081131
Ordered MANN_a45 1 1 2 3 2 147.207638291
Ordered MANN_a45 1 1 2 3 2 147.276703198
Ordered MANN_a45 1 1 2 3 2 147.783620448
Ordered MANN_a45 1 1 2 3 2 148.585889999
Ordered MANN_a45 1 1 4 5 4 78.574462065
Ordered MANN_a45 1 1 4 5 4 79.234661407
Ordered MANN_a45 1 1 4 5 4 80.763171723
Ordered MANN_a45 1 1 4 5 4 80.781090242
Ordered MANN_a45 1 1 4 5 4 81.004386673
Ordered MANN_a45 1 1 4 5 4 81.203870432
Ordered MANN_a45 1 1 4 5 4 81.64865313
Ordered MANN_a45 1 1 4 5 4 82.567498954
Ordered MANN_a45 1 1 4 5 4 83.145492376
Ordered MANN_a45 1 1 4 5 4 83.558080125
Ordered MANN_a45 2 2 4 5 8 44.952984188
Ordered MANN_a45 2 2 4 5 8 45.021639757
Ordered MANN_a45 2 2 4 5 8 45.047771612
Ordered MANN_a45 2 2 4 5 8 45.110410475
Ordered MANN_a45 2 2 4 5 8 45.706761124
Ordered MANN_a45 2 2 4 5 8 45.833294781
Ordered MANN_a45 2 2 4 5 8 46.086753718
Ordered MANN_a45 2 2 4 5 8 46.708719329
Ordered MANN_a45 2 2 4 5 8 46.960285826
Ordered MANN_a45 2 2 4 5 8 47.169559908
Ordered MANN_a45 4 8 4 5 32 25.689490699
Ordered MANN_a45 4 8 4 5 32 26.325323896
Ordered MANN_a45 4 8 4 5 32 26.529326339
Ordered MANN_a45 4 8 4 5 32 26.800319219
Ordered MANN_a45 4 8 4 5 32 27.044337825
Ordered MANN_a45 4 8 4 5 32 27.302323725
Ordered MANN_a45 4 8 4 5 32 27.357546055
Ordered MANN_a45 4 8 4 5 32 28.003610645
Ordered MANN_a45 4 8 4 5 32 28.557452794
Ordered MANN_a45 4 8 4 5 32 29.585722385
Ordered MANN_a45 8 16 4 5 64 25.618520845
Ordered MANN_a45 8 16 4 5 64 25.856505596
Ordered MANN_a45 8 16 4 5 64 26.008663412
Ordered MANN_a45 8 16 4 5 64 26.233985962
Ordered MANN_a45 8 16 4 5 64 26.4317473
Ordered MANN_a45 8 16 4 5 64 27.365174508
Ordered MANN_a45 8 16 4 5 64 27.691863192
Ordered MANN_a45 8 16 4 5 64 28.714954409
Ordered MANN_a45 8 16 4 5 64 28.941598417
Ordered MANN_a45 8 16 4 5 64 30.251910905
Ordered MANN_a45 16 32 4 5 128 26.274382582
Ordered MANN_a45 16 32 4 5 128 26.293538816
Ordered MANN_a45 16 32 4 5 128 26.551653276
Ordered MANN_a45 16 32 4 5 128 26.760705669
Ordered MANN_a45 16 32 4 5 128 26.898879773
Ordered MANN_a45 16 32 4 5 128 27.025922671
Ordered MANN_a45 16 32 4 5 128 27.585669307
Ordered MANN_a45 16 32 4 5 128 28.039335878
Ordered MANN_a45 16 32 4 5 128 28.454982236
Ordered MANN_a45 16 32 4 5 128 29.600671161
Ordered MANN_a45 17 50 4 5 200 25.902507321
Ordered MANN_a45 17 50 4 5 200 28.016110546
Ordered MANN_a45 17 50 4 5 200 28.448454889
Ordered MANN_a45 17 50 4 5 200 28.469019931
Ordered MANN_a45 17 50 4 5 200 28.519275092
Ordered MANN_a45 17 50 4 5 200 29.564714024
Ordered MANN_a45 17 50 4 5 200 30.621593453
Ordered MANN_a45 17 50 4 5 200 31.631829828
Ordered MANN_a45 17 50 4 5 200 31.839832346
Ordered MANN_a45 17 50 4 5 200 33.910890507
Ordered p_hat1000-2 1 1 1 2 1 423.398514336
Ordered p_hat1000-2 1 1 1 2 1 425.091205289
Ordered p_hat1000-2 1 1 1 2 1 425.7426958
Ordered p_hat1000-2 1 1 1 2 1 429.684413456
Ordered p_hat1000-2 1 1 1 2 1 433.695510863
Ordered p_hat1000-2 1 1 1 2 1 435.163739575
Ordered p_hat1000-2 1 1 1 2 1 441.655353503
Ordered p_hat1000-2 1 1 1 2 1 445.074476641
Ordered p_hat1000-2 1 1 1 2 1 447.053091548
Ordered p_hat1000-2 1 1 1 2 1 451.546931051
Ordered p_hat1000-2 1 1 2 3 2 231.584134406
Ordered p_hat1000-2 1 1 2 3 2 231.846572445
Ordered p_hat1000-2 1 1 2 3 2 232.871516627
Ordered p_hat1000-2 1 1 2 3 2 232.881403373
Ordered p_hat1000-2 1 1 2 3 2 234.594471672
Ordered p_hat1000-2 1 1 2 3 2 234.819045677
Ordered p_hat1000-2 1 1 2 3 2 235.867711109
Ordered p_hat1000-2 1 1 2 3 2 238.12662604
Ordered p_hat1000-2 1 1 2 3 2 240.31078607
Ordered p_hat1000-2 1 1 2 3 2 240.350213922
Ordered p_hat1000-2 1 1 4 5 4 128.923419573
Ordered p_hat1000-2 1 1 4 5 4 130.2843321
Ordered p_hat1000-2 1 1 4 5 4 130.305623104
Ordered p_hat1000-2 1 1 4 5 4 131.409317176
Ordered p_hat1000-2 1 1 4 5 4 132.001396138
Ordered p_hat1000-2 1 1 4 5 4 132.853859443
Ordered p_hat1000-2 1 1 4 5 4 132.989967928
Ordered p_hat1000-2 1 1 4 5 4 133.347208536
Ordered p_hat1000-2 1 1 4 5 4 133.481429392
Ordered p_hat1000-2 1 1 4 5 4 139.817825568
Ordered p_hat1000-2 2 2 4 5 8 73.7440667
Ordered p_hat1000-2 2 2 4 5 8 73.76013745
Ordered p_hat1000-2 2 2 4 5 8 73.761274715
Ordered p_hat1000-2 2 2 4 5 8 73.854357989
Ordered p_hat1000-2 2 2 4 5 8 74.069787921
Ordered p_hat1000-2 2 2 4 5 8 74.144663362
Ordered p_hat1000-2 2 2 4 5 8 74.259022078
Ordered p_hat1000-2 2 2 4 5 8 74.446791382
Ordered p_hat1000-2 2 2 4 5 8 74.869413075
Ordered p_hat1000-2 2 2 4 5 8 75.658247283
Ordered p_hat1000-2 4 8 4 5 32 23.821241218
Ordered p_hat1000-2 4 8 4 5 32 23.992577833
Ordered p_hat1000-2 4 8 4 5 32 24.450140934
Ordered p_hat1000-2 4 8 4 5 32 24.550224987
Ordered p_hat1000-2 4 8 4 5 32 24.596698422
Ordered p_hat1000-2 4 8 4 5 32 24.727505111
Ordered p_hat1000-2 4 8 4 5 32 24.851727308
Ordered p_hat1000-2 4 8 4 5 32 24.868288781
Ordered p_hat1000-2 4 8 4 5 32 25.307901894
Ordered p_hat1000-2 4 8 4 5 32 25.76540759
Ordered p_hat1000-2 8 16 4 5 64 15.93686496
Ordered p_hat1000-2 8 16 4 5 64 16.143241159
Ordered p_hat1000-2 8 16 4 5 64 16.250099238
Ordered p_hat1000-2 8 16 4 5 64 16.300189147
Ordered p_hat1000-2 8 16 4 5 64 16.334080402
Ordered p_hat1000-2 8 16 4 5 64 16.42835935
Ordered p_hat1000-2 8 16 4 5 64 16.668182531
Ordered p_hat1000-2 8 16 4 5 64 16.87069556
Ordered p_hat1000-2 8 16 4 5 64 17.180600053
Ordered p_hat1000-2 8 16 4 5 64 17.297593111
Ordered p_hat1000-2 16 32 4 5 128 12.695731907
Ordered p_hat1000-2 16 32 4 5 128 13.397394292
Ordered p_hat1000-2 16 32 4 5 128 13.725131652
Ordered p_hat1000-2 16 32 4 5 128 13.903273987
Ordered p_hat1000-2 16 32 4 5 128 14.40595803
Ordered p_hat1000-2 16 32 4 5 128 14.420089954
Ordered p_hat1000-2 16 32 4 5 128 14.501954994
Ordered p_hat1000-2 16 32 4 5 128 14.686033614
Ordered p_hat1000-2 16 32 4 5 128 15.986166864
Ordered p_hat1000-2 16 32 4 5 128 16.319770308
Ordered p_hat1000-2 17 50 4 5 200 14.201739469
Ordered p_hat1000-2 17 50 4 5 200 14.585790493
Ordered p_hat1000-2 17 50 4 5 200 14.931249243
Ordered p_hat1000-2 17 50 4 5 200 15.062220548
Ordered p_hat1000-2 17 50 4 5 200 15.062505286
Ordered p_hat1000-2 17 50 4 5 200 15.087313976
Ordered p_hat1000-2 17 50 4 5 200 15.416747956
Ordered p_hat1000-2 17 50 4 5 200 15.523841893
Ordered p_hat1000-2 17 50 4 5 200 16.209161825
Ordered p_hat1000-2 17 50 4 5 200 17.17666367
Ordered p_hat500-3 1 1 1 2 1 363.737110898
Ordered p_hat500-3 1 1 1 2 1 366.897842581
Ordered p_hat500-3 1 1 1 2 1 369.738577466
Ordered p_hat500-3 1 1 1 2 1 373.284315926
Ordered p_hat500-3 1 1 1 2 1 375.06945072
Ordered p_hat500-3 1 1 1 2 1 380.378043655
Ordered p_hat500-3 1 1 1 2 1 384.123992166
Ordered p_hat500-3 1 1 1 2 1 386.100656883
Ordered p_hat500-3 1 1 1 2 1 386.997058327
Ordered p_hat500-3 1 1 1 2 1 387.984736586
Ordered p_hat500-3 1 1 2 3 2 203.967276898
Ordered p_hat500-3 1 1 2 3 2 204.201715229
Ordered p_hat500-3 1 1 2 3 2 204.652213239
Ordered p_hat500-3 1 1 2 3 2 207.247890305
Ordered p_hat500-3 1 1 2 3 2 209.312865837
Ordered p_hat500-3 1 1 2 3 2 209.364994156
Ordered p_hat500-3 1 1 2 3 2 210.141930967
Ordered p_hat500-3 1 1 2 3 2 210.521460286
Ordered p_hat500-3 1 1 2 3 2 210.770415049
Ordered p_hat500-3 1 1 2 3 2 212.134019953
Ordered p_hat500-3 1 1 4 5 4 110.421100129
Ordered p_hat500-3 1 1 4 5 4 111.629232422
Ordered p_hat500-3 1 1 4 5 4 111.806802931
Ordered p_hat500-3 1 1 4 5 4 112.435555125
Ordered p_hat500-3 1 1 4 5 4 112.460592267
Ordered p_hat500-3 1 1 4 5 4 113.010489039
Ordered p_hat500-3 1 1 4 5 4 113.295567197
Ordered p_hat500-3 1 1 4 5 4 113.50462101
Ordered p_hat500-3 1 1 4 5 4 113.545575951
Ordered p_hat500-3 1 1 4 5 4 113.82013163
Ordered p_hat500-3 2 2 4 5 8 60.468805219
Ordered p_hat500-3 2 2 4 5 8 60.523586127
Ordered p_hat500-3 2 2 4 5 8 60.680103604
Ordered p_hat500-3 2 2 4 5 8 60.808430453
Ordered p_hat500-3 2 2 4 5 8 60.978970019
Ordered p_hat500-3 2 2 4 5 8 61.051328528
Ordered p_hat500-3 2 2 4 5 8 61.067085859
Ordered p_hat500-3 2 2 4 5 8 61.222351903
Ordered p_hat500-3 2 2 4 5 8 61.68919653
Ordered p_hat500-3 2 2 4 5 8 62.159196918
Ordered p_hat500-3 4 8 4 5 32 17.217876392
Ordered p_hat500-3 4 8 4 5 32 17.281706332
Ordered p_hat500-3 4 8 4 5 32 17.615018577
Ordered p_hat500-3 4 8 4 5 32 17.85834498
Ordered p_hat500-3 4 8 4 5 32 17.922889418
Ordered p_hat500-3 4 8 4 5 32 17.976180458
Ordered p_hat500-3 4 8 4 5 32 18.12562497
Ordered p_hat500-3 4 8 4 5 32 18.216362085
Ordered p_hat500-3 4 8 4 5 32 18.265493066
Ordered p_hat500-3 4 8 4 5 32 19.648877139
Ordered p_hat500-3 8 16 4 5 64 10.007434336
Ordered p_hat500-3 8 16 4 5 64 10.181452039
Ordered p_hat500-3 8 16 4 5 64 10.223283035
Ordered p_hat500-3 8 16 4 5 64 10.26508007
Ordered p_hat500-3 8 16 4 5 64 10.363113764
Ordered p_hat500-3 8 16 4 5 64 10.413267289
Ordered p_hat500-3 8 16 4 5 64 10.666688471
Ordered p_hat500-3 8 16 4 5 64 10.672173891
Ordered p_hat500-3 8 16 4 5 64 10.75413646
Ordered p_hat500-3 8 16 4 5 64 9.657218977
Ordered p_hat500-3 16 32 4 5 128 6.73640891
Ordered p_hat500-3 16 32 4 5 128 6.850246545
Ordered p_hat500-3 16 32 4 5 128 6.862326746
Ordered p_hat500-3 16 32 4 5 128 7.091234999
Ordered p_hat500-3 16 32 4 5 128 7.14059753
Ordered p_hat500-3 16 32 4 5 128 7.169201968
Ordered p_hat500-3 16 32 4 5 128 7.200605803
Ordered p_hat500-3 16 32 4 5 128 7.253801116
Ordered p_hat500-3 16 32 4 5 128 7.295535022
Ordered p_hat500-3 16 32 4 5 128 7.309665458
Ordered p_hat500-3 17 50 4 5 200 6.362144757
Ordered p_hat500-3 17 50 4 5 200 6.654187721
Ordered p_hat500-3 17 50 4 5 200 6.774421904
Ordered p_hat500-3 17 50 4 5 200 6.782242577
Ordered p_hat500-3 17 50 4 5 200 6.855745308
Ordered p_hat500-3 17 50 4 5 200 6.877292874
Ordered p_hat500-3 17 50 4 5 200 6.915845846
Ordered p_hat500-3 17 50 4 5 200 6.972951537
Ordered p_hat500-3 17 50 4 5 200 6.981984274
Ordered p_hat500-3 17 50 4 5 200 7.049336369
Ordered p_hat700-3 1 1 1 2 1 NA
Ordered p_hat700-3 1 1 1 2 1 NA
Ordered p_hat700-3 1 1 1 2 1 NA
Ordered p_hat700-3 1 1 1 2 1 NA
Ordered p_hat700-3 1 1 1 2 1 NA
Ordered p_hat700-3 1 1 1 2 1 NA
Ordered p_hat700-3 1 1 1 2 1 NA
Ordered p_hat700-3 1 1 1 2 1 NA
Ordered p_hat700-3 1 1 1 2 1 NA
Ordered p_hat700-3 1 1 1 2 1 NA
Ordered p_hat700-3 1 1 2 3 2 2096.986800207
Ordered p_hat700-3 1 1 2 3 2 2099.291876641
Ordered p_hat700-3 1 1 2 3 2 2101.143084489
Ordered p_hat700-3 1 1 2 3 2 2104.654013949
Ordered p_hat700-3 1 1 2 3 2 2109.975729557
Ordered p_hat700-3 1 1 2 3 2 2139.633903565
Ordered p_hat700-3 1 1 2 3 2 2150.631502516
Ordered p_hat700-3 1 1 2 3 2 2156.737624659
Ordered p_hat700-3 1 1 2 3 2 2157.753075407
Ordered p_hat700-3 1 1 2 3 2 2174.120186798
Ordered p_hat700-3 1 1 4 5 4 1152.493443123
Ordered p_hat700-3 1 1 4 5 4 1158.154219484
Ordered p_hat700-3 1 1 4 5 4 1163.130438688
Ordered p_hat700-3 1 1 4 5 4 1167.966055466
Ordered p_hat700-3 1 1 4 5 4 1168.69101912
Ordered p_hat700-3 1 1 4 5 4 1169.756764509
Ordered p_hat700-3 1 1 4 5 4 1171.882726727
Ordered p_hat700-3 1 1 4 5 4 1173.557796662
Ordered p_hat700-3 1 1 4 5 4 1174.007800285
Ordered p_hat700-3 1 1 4 5 4 1179.498663336
Ordered p_hat700-3 2 2 4 5 8 613.996332355
Ordered p_hat700-3 2 2 4 5 8 618.091881464
Ordered p_hat700-3 2 2 4 5 8 618.225561406
Ordered p_hat700-3 2 2 4 5 8 618.973627102
Ordered p_hat700-3 2 2 4 5 8 619.458332637
Ordered p_hat700-3 2 2 4 5 8 622.666816681
Ordered p_hat700-3 2 2 4 5 8 623.265117186
Ordered p_hat700-3 2 2 4 5 8 623.431712128
Ordered p_hat700-3 2 2 4 5 8 626.100149163
Ordered p_hat700-3 2 2 4 5 8 627.79914767
Ordered p_hat700-3 4 8 4 5 32 161.819493594
Ordered p_hat700-3 4 8 4 5 32 162.124973318
Ordered p_hat700-3 4 8 4 5 32 162.181855791
Ordered p_hat700-3 4 8 4 5 32 162.215726736
Ordered p_hat700-3 4 8 4 5 32 162.889986353
Ordered p_hat700-3 4 8 4 5 32 162.893024157
Ordered p_hat700-3 4 8 4 5 32 163.011566723
Ordered p_hat700-3 4 8 4 5 32 163.668402716
Ordered p_hat700-3 4 8 4 5 32 164.255495839
Ordered p_hat700-3 4 8 4 5 32 164.511117303
Ordered p_hat700-3 8 16 4 5 64 83.989871965
Ordered p_hat700-3 8 16 4 5 64 84.223273577
Ordered p_hat700-3 8 16 4 5 64 84.502721481
Ordered p_hat700-3 8 16 4 5 64 84.794645866
Ordered p_hat700-3 8 16 4 5 64 84.806732278
Ordered p_hat700-3 8 16 4 5 64 84.903538893
Ordered p_hat700-3 8 16 4 5 64 84.96207254
Ordered p_hat700-3 8 16 4 5 64 85.055279517
Ordered p_hat700-3 8 16 4 5 64 85.242205462
Ordered p_hat700-3 8 16 4 5 64 86.180850989
Ordered p_hat700-3 16 32 4 5 128 45.966212654
Ordered p_hat700-3 16 32 4 5 128 46.072246796
Ordered p_hat700-3 16 32 4 5 128 46.27509808
Ordered p_hat700-3 16 32 4 5 128 46.315852315
Ordered p_hat700-3 16 32 4 5 128 46.321796876
Ordered p_hat700-3 16 32 4 5 128 46.371315241
Ordered p_hat700-3 16 32 4 5 128 46.510913125
Ordered p_hat700-3 16 32 4 5 128 46.82992636
Ordered p_hat700-3 16 32 4 5 128 47.154629086
Ordered p_hat700-3 16 32 4 5 128 47.442468664
Ordered p_hat700-3 17 50 4 5 200 36.860270227
Ordered p_hat700-3 17 50 4 5 200 37.808384903
Ordered p_hat700-3 17 50 4 5 200 38.353714842
Ordered p_hat700-3 17 50 4 5 200 38.699635511
Ordered p_hat700-3 17 50 4 5 200 38.803896898
Ordered p_hat700-3 17 50 4 5 200 38.819705531
Ordered p_hat700-3 17 50 4 5 200 38.962511592
Ordered p_hat700-3 17 50 4 5 200 39.232875098
Ordered p_hat700-3 17 50 4 5 200 39.45125989
Ordered p_hat700-3 17 50 4 5 200 39.737606643
Ordered sanr200_0.9 1 1 2 3 2 55.570457086
Ordered sanr200_0.9 1 1 2 3 2 55.944659722
Ordered sanr200_0.9 1 1 2 3 2 56.38973826
Ordered sanr200_0.9 1 1 2 3 2 56.709185713
Ordered sanr200_0.9 1 1 2 3 2 57.07045076
Ordered sanr200_0.9 1 1 2 3 2 57.264006136
Ordered sanr200_0.9 1 1 2 3 2 57.474962701
Ordered sanr200_0.9 1 1 2 3 2 57.710815758
Ordered sanr200_0.9 1 1 2 3 2 57.758699673
Ordered sanr200_0.9 1 1 2 3 2 57.774437723
Ordered sanr200_0.9 1 1 4 5 4 36.673690424
Ordered sanr200_0.9 1 1 4 5 4 36.678241965
Ordered sanr200_0.9 1 1 4 5 4 36.697117847
Ordered sanr200_0.9 1 1 4 5 4 36.698571186
Ordered sanr200_0.9 1 1 4 5 4 36.776884232
Ordered sanr200_0.9 1 1 4 5 4 36.950964729
Ordered sanr200_0.9 1 1 4 5 4 37.197427113
Ordered sanr200_0.9 1 1 4 5 4 37.204661842
Ordered sanr200_0.9 1 1 4 5 4 37.327446996
Ordered sanr200_0.9 1 1 4 5 4 37.657372854
Ordered sanr200_0.9 1 1 1 2 1 88.015427668
Ordered sanr200_0.9 1 1 1 2 1 88.312229496
Ordered sanr200_0.9 1 1 1 2 1 88.666429192
Ordered sanr200_0.9 1 1 1 2 1 88.866109982
Ordered sanr200_0.9 1 1 1 2 1 89.368806298
Ordered sanr200_0.9 1 1 1 2 1 89.460614203
Ordered sanr200_0.9 1 1 1 2 1 90.198588912
Ordered sanr200_0.9 1 1 1 2 1 90.438579153
Ordered sanr200_0.9 1 1 1 2 1 90.81317823
Ordered sanr200_0.9 1 1 1 2 1 93.629801658
Ordered sanr200_0.9 2 2 4 5 8 19.28333843
Ordered sanr200_0.9 2 2 4 5 8 19.400261375
Ordered sanr200_0.9 2 2 4 5 8 19.476882829
Ordered sanr200_0.9 2 2 4 5 8 19.52293661
Ordered sanr200_0.9 2 2 4 5 8 19.536409661
Ordered sanr200_0.9 2 2 4 5 8 19.553125503
Ordered sanr200_0.9 2 2 4 5 8 19.572561308
Ordered sanr200_0.9 2 2 4 5 8 19.819616612
Ordered sanr200_0.9 2 2 4 5 8 19.915462938
Ordered sanr200_0.9 2 2 4 5 8 20.045147605
Ordered sanr200_0.9 4 8 4 5 32 6.037080573
Ordered sanr200_0.9 4 8 4 5 32 6.074604672
Ordered sanr200_0.9 4 8 4 5 32 6.113750148
Ordered sanr200_0.9 4 8 4 5 32 6.186584975
Ordered sanr200_0.9 4 8 4 5 32 6.201393692
Ordered sanr200_0.9 4 8 4 5 32 6.276962129
Ordered sanr200_0.9 4 8 4 5 32 6.345122948
Ordered sanr200_0.9 4 8 4 5 32 6.870748904
Ordered sanr200_0.9 4 8 4 5 32 7.01764887
Ordered sanr200_0.9 4 8 4 5 32 7.540130462
Ordered sanr200_0.9 8 16 4 5 64 3.540683868
Ordered sanr200_0.9 8 16 4 5 64 3.558753989
Ordered sanr200_0.9 8 16 4 5 64 3.711757884
Ordered sanr200_0.9 8 16 4 5 64 3.78357192
Ordered sanr200_0.9 8 16 4 5 64 3.875174378
Ordered sanr200_0.9 8 16 4 5 64 3.898766398
Ordered sanr200_0.9 8 16 4 5 64 3.952546908
Ordered sanr200_0.9 8 16 4 5 64 3.97699222
Ordered sanr200_0.9 8 16 4 5 64 4.279105646
Ordered sanr200_0.9 8 16 4 5 64 4.340895853
Ordered sanr200_0.9 16 32 4 5 128 2.235869941
Ordered sanr200_0.9 16 32 4 5 128 2.311162229
Ordered sanr200_0.9 16 32 4 5 128 2.360930214
Ordered sanr200_0.9 16 32 4 5 128 2.515897627
Ordered sanr200_0.9 16 32 4 5 128 2.525648589
Ordered sanr200_0.9 16 32 4 5 128 2.627527785
Ordered sanr200_0.9 16 32 4 5 128 2.763988488
Ordered sanr200_0.9 16 32 4 5 128 2.764232361
Ordered sanr200_0.9 16 32 4 5 128 2.766921099
Ordered sanr200_0.9 16 32 4 5 128 2.777001729
Ordered sanr200_0.9 17 50 4 5 200 2.158239518
Ordered sanr200_0.9 17 50 4 5 200 2.201228518
Ordered sanr200_0.9 17 50 4 5 200 2.206309654
Ordered sanr200_0.9 17 50 4 5 200 2.296583003
Ordered sanr200_0.9 17 50 4 5 200 2.365474221
Ordered sanr200_0.9 17 50 4 5 200 2.367587456
Ordered sanr200_0.9 17 50 4 5 200 2.368151496
Ordered sanr200_0.9 17 50 4 5 200 2.380350695
Ordered sanr200_0.9 17 50 4 5 200 2.388371915
Ordered sanr200_0.9 17 50 4 5 200 2.48135657
Ordered sanr400_0.7 1 1 2 3 2 148.260554466
Ordered sanr400_0.7 1 1 2 3 2 149.109234471
Ordered sanr400_0.7 1 1 2 3 2 149.240217171
Ordered sanr400_0.7 1 1 2 3 2 150.335103208
Ordered sanr400_0.7 1 1 2 3 2 150.417038613
Ordered sanr400_0.7 1 1 2 3 2 150.563822318
Ordered sanr400_0.7 1 1 2 3 2 150.949487766
Ordered sanr400_0.7 1 1 2 3 2 152.330802837
Ordered sanr400_0.7 1 1 2 3 2 155.645593396
Ordered sanr400_0.7 1 1 2 3 2 156.623248346
Ordered sanr400_0.7 1 1 4 5 4 82.73344991
Ordered sanr400_0.7 1 1 4 5 4 82.821362043
Ordered sanr400_0.7 1 1 4 5 4 83.06789801
Ordered sanr400_0.7 1 1 4 5 4 83.147339879
Ordered sanr400_0.7 1 1 4 5 4 83.64321801
Ordered sanr400_0.7 1 1 4 5 4 83.966796814
Ordered sanr400_0.7 1 1 4 5 4 84.004211269
Ordered sanr400_0.7 1 1 4 5 4 84.055261278
Ordered sanr400_0.7 1 1 4 5 4 84.476270586
Ordered sanr400_0.7 1 1 4 5 4 84.547483864
Ordered sanr400_0.7 1 1 1 2 1 271.561755218
Ordered sanr400_0.7 1 1 1 2 1 271.982849564
Ordered sanr400_0.7 1 1 1 2 1 274.231647962
Ordered sanr400_0.7 1 1 1 2 1 275.083599939
Ordered sanr400_0.7 1 1 1 2 1 275.270890095
Ordered sanr400_0.7 1 1 1 2 1 276.531784573
Ordered sanr400_0.7 1 1 1 2 1 277.35816221
Ordered sanr400_0.7 1 1 1 2 1 284.596387751
Ordered sanr400_0.7 1 1 1 2 1 290.296457451
Ordered sanr400_0.7 1 1 1 2 1 291.47413863
Ordered sanr400_0.7 2 2 4 5 8 44.735761035
Ordered sanr400_0.7 2 2 4 5 8 44.999794365
Ordered sanr400_0.7 2 2 4 5 8 45.076945494
Ordered sanr400_0.7 2 2 4 5 8 45.100055465
Ordered sanr400_0.7 2 2 4 5 8 45.148152123
Ordered sanr400_0.7 2 2 4 5 8 45.432284402
Ordered sanr400_0.7 2 2 4 5 8 45.477551951
Ordered sanr400_0.7 2 2 4 5 8 45.663243749
Ordered sanr400_0.7 2 2 4 5 8 45.765391895
Ordered sanr400_0.7 2 2 4 5 8 45.781361158
Ordered sanr400_0.7 4 8 4 5 32 14.242513057
Ordered sanr400_0.7 4 8 4 5 32 14.347625429
Ordered sanr400_0.7 4 8 4 5 32 14.357246794
Ordered sanr400_0.7 4 8 4 5 32 14.397000505
Ordered sanr400_0.7 4 8 4 5 32 14.494228705
Ordered sanr400_0.7 4 8 4 5 32 14.542717565
Ordered sanr400_0.7 4 8 4 5 32 14.68267297
Ordered sanr400_0.7 4 8 4 5 32 14.887215382
Ordered sanr400_0.7 4 8 4 5 32 14.919787434
Ordered sanr400_0.7 4 8 4 5 32 14.941252759
Ordered sanr400_0.7 8 16 4 5 64 8.430849288
Ordered sanr400_0.7 8 16 4 5 64 8.462061644
Ordered sanr400_0.7 8 16 4 5 64 8.506083669
Ordered sanr400_0.7 8 16 4 5 64 8.542600701
Ordered sanr400_0.7 8 16 4 5 64 8.673676142
Ordered sanr400_0.7 8 16 4 5 64 8.755790775
Ordered sanr400_0.7 8 16 4 5 64 8.822793776
Ordered sanr400_0.7 8 16 4 5 64 9.077284069
Ordered sanr400_0.7 8 16 4 5 64 9.271564212
Ordered sanr400_0.7 8 16 4 5 64 9.365124814
Ordered sanr400_0.7 16 32 4 5 128 5.985175161
Ordered sanr400_0.7 16 32 4 5 128 6.024010321
Ordered sanr400_0.7 16 32 4 5 128 6.037669194
Ordered sanr400_0.7 16 32 4 5 128 6.165062751
Ordered sanr400_0.7 16 32 4 5 128 6.172731763
Ordered sanr400_0.7 16 32 4 5 128 6.191783087
Ordered sanr400_0.7 16 32 4 5 128 6.301927433
Ordered sanr400_0.7 16 32 4 5 128 6.39564426
Ordered sanr400_0.7 16 32 4 5 128 6.754145991
Ordered sanr400_0.7 16 32 4 5 128 7.023429149
Ordered sanr400_0.7 17 50 4 5 200 5.707544402
Ordered sanr400_0.7 17 50 4 5 200 5.779465899
Ordered sanr400_0.7 17 50 4 5 200 5.863795501
Ordered sanr400_0.7 17 50 4 5 200 5.939044583
Ordered sanr400_0.7 17 50 4 5 200 5.963241503
Ordered sanr400_0.7 17 50 4 5 200 6.092014537
Ordered sanr400_0.7 17 50 4 5 200 6.138804272
Ordered sanr400_0.7 17 50 4 5 200 6.168720461
Ordered sanr400_0.7 17 50 4 5 200 6.493290687
Ordered sanr400_0.7 17 50 4 5 200 6.590554617
Unordered brock400_1 1 1 1 2 1 1379.735504914
Unordered brock400_1 1 1 1 2 1 1381.153288445
Unordered brock400_1 1 1 1 2 1 1385.994331769
Unordered brock400_1 1 1 1 2 1 1390.002441966
Unordered brock400_1 1 1 1 2 1 1417.785877074
Unordered brock400_1 1 1 1 2 1 1425.634803837
Unordered brock400_1 1 1 1 2 1 1435.37495283
Unordered brock400_1 1 1 1 2 1 1474.49935823
Unordered brock400_1 1 1 1 2 1 1475.097342381
Unordered brock400_1 1 1 1 2 1 1476.173028422
Unordered brock400_1 1 1 2 3 2 691.42838938
Unordered brock400_1 1 1 2 3 2 699.794708518
Unordered brock400_1 1 1 2 3 2 746.419806464
Unordered brock400_1 1 1 2 3 2 761.336170191
Unordered brock400_1 1 1 2 3 2 764.558606256
Unordered brock400_1 1 1 2 3 2 765.380640047
Unordered brock400_1 1 1 2 3 2 772.475020873
Unordered brock400_1 1 1 2 3 2 779.842739348
Unordered brock400_1 1 1 2 3 2 781.478337334
Unordered brock400_1 1 1 2 3 2 786.021055274
Unordered brock400_1 1 1 4 5 4 201.571707442
Unordered brock400_1 1 1 4 5 4 211.476310105
Unordered brock400_1 1 1 4 5 4 369.694689694
Unordered brock400_1 1 1 4 5 4 393.853437195
Unordered brock400_1 1 1 4 5 4 403.345717582
Unordered brock400_1 1 1 4 5 4 416.570112977
Unordered brock400_1 1 1 4 5 4 417.167884174
Unordered brock400_1 1 1 4 5 4 417.957471592
Unordered brock400_1 1 1 4 5 4 438.431383534
Unordered brock400_1 1 1 4 5 4 444.656202707
Unordered brock400_1 2 2 4 5 8 216.314841459
Unordered brock400_1 2 2 4 5 8 216.616315188
Unordered brock400_1 2 2 4 5 8 217.964483494
Unordered brock400_1 2 2 4 5 8 219.282593039
Unordered brock400_1 2 2 4 5 8 219.897836296
Unordered brock400_1 2 2 4 5 8 221.696514841
Unordered brock400_1 2 2 4 5 8 222.420118393
Unordered brock400_1 2 2 4 5 8 225.812558443
Unordered brock400_1 2 2 4 5 8 226.429678157
Unordered brock400_1 2 2 4 5 8 227.010685748
Unordered brock400_1 4 8 4 5 32 27.676197571
Unordered brock400_1 4 8 4 5 32 51.35252414
Unordered brock400_1 4 8 4 5 32 54.303137986
Unordered brock400_1 4 8 4 5 32 57.52197983
Unordered brock400_1 4 8 4 5 32 58.288579867
Unordered brock400_1 4 8 4 5 32 58.75984066
Unordered brock400_1 4 8 4 5 32 59.0051102
Unordered brock400_1 4 8 4 5 32 59.208041027
Unordered brock400_1 4 8 4 5 32 59.649619169
Unordered brock400_1 4 8 4 5 32 59.687665355
Unordered brock400_1 8 16 4 5 64 15.260033388
Unordered brock400_1 8 16 4 5 64 27.392421973
Unordered brock400_1 8 16 4 5 64 27.760105772
Unordered brock400_1 8 16 4 5 64 29.129861929
Unordered brock400_1 8 16 4 5 64 29.381495109
Unordered brock400_1 8 16 4 5 64 30.193360812
Unordered brock400_1 8 16 4 5 64 30.587378933
Unordered brock400_1 8 16 4 5 64 30.742488499
Unordered brock400_1 8 16 4 5 64 30.995020681
Unordered brock400_1 8 16 4 5 64 31.098073786
Unordered brock400_1 16 32 4 5 128 13.921240042
Unordered brock400_1 16 32 4 5 128 14.965698423
Unordered brock400_1 16 32 4 5 128 15.007970723
Unordered brock400_1 16 32 4 5 128 15.507950801
Unordered brock400_1 16 32 4 5 128 15.577437341
Unordered brock400_1 16 32 4 5 128 15.842529306
Unordered brock400_1 16 32 4 5 128 16.267373414
Unordered brock400_1 16 32 4 5 128 17.154042534
Unordered brock400_1 16 32 4 5 128 17.413773892
Unordered brock400_1 16 32 4 5 128 9.016946196
Unordered brock400_1 17 50 4 5 200 12.877592049
Unordered brock400_1 17 50 4 5 200 12.906317805
Unordered brock400_1 17 50 4 5 200 13.139239477
Unordered brock400_1 17 50 4 5 200 13.681839966
Unordered brock400_1 17 50 4 5 200 13.692190428
Unordered brock400_1 17 50 4 5 200 13.695977462
Unordered brock400_1 17 50 4 5 200 13.842474496
Unordered brock400_1 17 50 4 5 200 14.053876455
Unordered brock400_1 17 50 4 5 200 14.100806934
Unordered brock400_1 17 50 4 5 200 14.118897518
Unordered brock400_2 1 1 1 2 1 871.225336021
Unordered brock400_2 1 1 1 2 1 872.900482059
Unordered brock400_2 1 1 1 2 1 873.945811681
Unordered brock400_2 1 1 1 2 1 877.873367312
Unordered brock400_2 1 1 1 2 1 878.233625665
Unordered brock400_2 1 1 1 2 1 881.536133587
Unordered brock400_2 1 1 1 2 1 901.810114145
Unordered brock400_2 1 1 1 2 1 911.209893132
Unordered brock400_2 1 1 1 2 1 912.113728637
Unordered brock400_2 1 1 1 2 1 929.787645863
Unordered brock400_2 1 1 2 3 2 469.320178198
Unordered brock400_2 1 1 2 3 2 472.032212724
Unordered brock400_2 1 1 2 3 2 477.801887086
Unordered brock400_2 1 1 2 3 2 480.00071209
Unordered brock400_2 1 1 2 3 2 483.437902986
Unordered brock400_2 1 1 2 3 2 491.601918611
Unordered brock400_2 1 1 2 3 2 492.691128733
Unordered brock400_2 1 1 2 3 2 495.140041485
Unordered brock400_2 1 1 2 3 2 496.89712643
Unordered brock400_2 1 1 2 3 2 509.534034295
Unordered brock400_2 1 1 4 5 4 136.82398522
Unordered brock400_2 1 1 4 5 4 262.739041529
Unordered brock400_2 1 1 4 5 4 268.571783869
Unordered brock400_2 1 1 4 5 4 273.651715524
Unordered brock400_2 1 1 4 5 4 274.382504538
Unordered brock400_2 1 1 4 5 4 277.268691856
Unordered brock400_2 1 1 4 5 4 277.526213178
Unordered brock400_2 1 1 4 5 4 279.598657584
Unordered brock400_2 1 1 4 5 4 287.633594655
Unordered brock400_2 1 1 4 5 4 293.429053551
Unordered brock400_2 2 2 4 5 8 137.196852326
Unordered brock400_2 2 2 4 5 8 138.212308548
Unordered brock400_2 2 2 4 5 8 141.692342282
Unordered brock400_2 2 2 4 5 8 142.534409286
Unordered brock400_2 2 2 4 5 8 142.70111035
Unordered brock400_2 2 2 4 5 8 143.798920709
Unordered brock400_2 2 2 4 5 8 144.839801166
Unordered brock400_2 2 2 4 5 8 49.916458841
Unordered brock400_2 2 2 4 5 8 63.986209941
Unordered brock400_2 2 2 4 5 8 65.3732134
Unordered brock400_2 4 8 4 5 32 35.016503099
Unordered brock400_2 4 8 4 5 32 35.998966371
Unordered brock400_2 4 8 4 5 32 37.22318605
Unordered brock400_2 4 8 4 5 32 37.363000307
Unordered brock400_2 4 8 4 5 32 39.180195834
Unordered brock400_2 4 8 4 5 32 39.310296514
Unordered brock400_2 4 8 4 5 32 39.565924777
Unordered brock400_2 4 8 4 5 32 39.633004261
Unordered brock400_2 4 8 4 5 32 41.083743783
Unordered brock400_2 4 8 4 5 32 41.415780144
Unordered brock400_2 8 16 4 5 64 10.708078989
Unordered brock400_2 8 16 4 5 64 11.047585781
Unordered brock400_2 8 16 4 5 64 15.174933937
Unordered brock400_2 8 16 4 5 64 18.426684856
Unordered brock400_2 8 16 4 5 64 19.450642927
Unordered brock400_2 8 16 4 5 64 20.256307218
Unordered brock400_2 8 16 4 5 64 21.649219762
Unordered brock400_2 8 16 4 5 64 21.913368585
Unordered brock400_2 8 16 4 5 64 22.166227449
Unordered brock400_2 8 16 4 5 64 23.074212818
Unordered brock400_2 16 32 4 5 128 11.361972195
Unordered brock400_2 16 32 4 5 128 11.682263049
Unordered brock400_2 16 32 4 5 128 11.709544834
Unordered brock400_2 16 32 4 5 128 11.751289408
Unordered brock400_2 16 32 4 5 128 11.775720947
Unordered brock400_2 16 32 4 5 128 11.871530591
Unordered brock400_2 16 32 4 5 128 12.215411552
Unordered brock400_2 16 32 4 5 128 12.295377986
Unordered brock400_2 16 32 4 5 128 12.975831264
Unordered brock400_2 16 32 4 5 128 6.309124367
Unordered brock400_2 17 50 4 5 200 10.07685373
Unordered brock400_2 17 50 4 5 200 10.888764673
Unordered brock400_2 17 50 4 5 200 10.96403172
Unordered brock400_2 17 50 4 5 200 11.129960431
Unordered brock400_2 17 50 4 5 200 5.379234997
Unordered brock400_2 17 50 4 5 200 5.609808788
Unordered brock400_2 17 50 4 5 200 8.629905379
Unordered brock400_2 17 50 4 5 200 9.088997752
Unordered brock400_2 17 50 4 5 200 9.432970809
Unordered brock400_2 17 50 4 5 200 9.866555285
Unordered brock400_3 1 1 1 2 1 754.02742557
Unordered brock400_3 1 1 1 2 1 758.816467183
Unordered brock400_3 1 1 1 2 1 759.66502063
Unordered brock400_3 1 1 1 2 1 767.377430584
Unordered brock400_3 1 1 1 2 1 770.190031015
Unordered brock400_3 1 1 1 2 1 772.751316126
Unordered brock400_3 1 1 1 2 1 781.348486497
Unordered brock400_3 1 1 1 2 1 786.775852034
Unordered brock400_3 1 1 1 2 1 789.839591865
Unordered brock400_3 1 1 1 2 1 806.382947128
Unordered brock400_3 1 1 2 3 2 408.343756725
Unordered brock400_3 1 1 2 3 2 413.730299632
Unordered brock400_3 1 1 2 3 2 415.209625358
Unordered brock400_3 1 1 2 3 2 416.214620095
Unordered brock400_3 1 1 2 3 2 423.506132605
Unordered brock400_3 1 1 2 3 2 427.781089574
Unordered brock400_3 1 1 2 3 2 430.499183783
Unordered brock400_3 1 1 2 3 2 446.021905924
Unordered brock400_3 1 1 2 3 2 453.453985348
Unordered brock400_3 1 1 2 3 2 455.859310438
Unordered brock400_3 1 1 4 5 4 107.853648004
Unordered brock400_3 1 1 4 5 4 226.732516678
Unordered brock400_3 1 1 4 5 4 235.238944153
Unordered brock400_3 1 1 4 5 4 246.314253517
Unordered brock400_3 1 1 4 5 4 256.031862634
Unordered brock400_3 1 1 4 5 4 258.016998922
Unordered brock400_3 1 1 4 5 4 262.047261253
Unordered brock400_3 1 1 4 5 4 264.824077929
Unordered brock400_3 1 1 4 5 4 267.752217349
Unordered brock400_3 1 1 4 5 4 50.51574296
Unordered brock400_3 2 2 4 5 8 115.909462431
Unordered brock400_3 2 2 4 5 8 119.457919806
Unordered brock400_3 2 2 4 5 8 126.323561188
Unordered brock400_3 2 2 4 5 8 129.477076378
Unordered brock400_3 2 2 4 5 8 131.192898827
Unordered brock400_3 2 2 4 5 8 133.752247853
Unordered brock400_3 2 2 4 5 8 134.457396285
Unordered brock400_3 2 2 4 5 8 137.177838382
Unordered brock400_3 2 2 4 5 8 21.396435747
Unordered brock400_3 2 2 4 5 8 32.196233596
Unordered brock400_3 4 8 4 5 32 13.76810559
Unordered brock400_3 4 8 4 5 32 29.166225967
Unordered brock400_3 4 8 4 5 32 31.354089261
Unordered brock400_3 4 8 4 5 32 32.900686158
Unordered brock400_3 4 8 4 5 32 33.637832752
Unordered brock400_3 4 8 4 5 32 33.946315207
Unordered brock400_3 4 8 4 5 32 34.451569486
Unordered brock400_3 4 8 4 5 32 35.217363103
Unordered brock400_3 4 8 4 5 32 36.490327366
Unordered brock400_3 4 8 4 5 32 6.496669276
Unordered brock400_3 8 16 4 5 64 12.601951489
Unordered brock400_3 8 16 4 5 64 17.26868032
Unordered brock400_3 8 16 4 5 64 18.818992966
Unordered brock400_3 8 16 4 5 64 18.988667644
Unordered brock400_3 8 16 4 5 64 19.8437724
Unordered brock400_3 8 16 4 5 64 20.191406543
Unordered brock400_3 8 16 4 5 64 20.296500604
Unordered brock400_3 8 16 4 5 64 20.555195553
Unordered brock400_3 8 16 4 5 64 4.4469144
Unordered brock400_3 8 16 4 5 64 8.123745509
Unordered brock400_3 16 32 4 5 128 10.24372217
Unordered brock400_3 16 32 4 5 128 10.263759501
Unordered brock400_3 16 32 4 5 128 10.277818451
Unordered brock400_3 16 32 4 5 128 10.511786836
Unordered brock400_3 16 32 4 5 128 10.708523302
Unordered brock400_3 16 32 4 5 128 11.09328559
Unordered brock400_3 16 32 4 5 128 11.519336931
Unordered brock400_3 16 32 4 5 128 11.758010273
Unordered brock400_3 16 32 4 5 128 3.256782549
Unordered brock400_3 16 32 4 5 128 9.729564478
Unordered brock400_3 17 50 4 5 200 10.454375658
Unordered brock400_3 17 50 4 5 200 2.773638308
Unordered brock400_3 17 50 4 5 200 3.42458376
Unordered brock400_3 17 50 4 5 200 6.648286858
Unordered brock400_3 17 50 4 5 200 8.063736641
Unordered brock400_3 17 50 4 5 200 8.56415815
Unordered brock400_3 17 50 4 5 200 8.635051288
Unordered brock400_3 17 50 4 5 200 8.646851852
Unordered brock400_3 17 50 4 5 200 9.169222892
Unordered brock400_3 17 50 4 5 200 9.400330156
Unordered brock400_4 1 1 1 2 1 237.751910029
Unordered brock400_4 1 1 1 2 1 238.105478199
Unordered brock400_4 1 1 1 2 1 238.337056582
Unordered brock400_4 1 1 1 2 1 238.49113351
Unordered brock400_4 1 1 1 2 1 245.082146709
Unordered brock400_4 1 1 1 2 1 246.527923661
Unordered brock400_4 1 1 1 2 1 250.879221828
Unordered brock400_4 1 1 1 2 1 254.193910092
Unordered brock400_4 1 1 1 2 1 254.664339158
Unordered brock400_4 1 1 1 2 1 255.283023367
Unordered brock400_4 1 1 2 3 2 139.117350752
Unordered brock400_4 1 1 2 3 2 144.977590997
Unordered brock400_4 1 1 2 3 2 148.156042875
Unordered brock400_4 1 1 2 3 2 152.652571057
Unordered brock400_4 1 1 2 3 2 152.957351146
Unordered brock400_4 1 1 2 3 2 155.185505007
Unordered brock400_4 1 1 2 3 2 155.925862511
Unordered brock400_4 1 1 2 3 2 158.716802477
Unordered brock400_4 1 1 2 3 2 162.128176396
Unordered brock400_4 1 1 2 3 2 44.209972861
Unordered brock400_4 1 1 4 5 4 102.590561071
Unordered brock400_4 1 1 4 5 4 18.423937287
Unordered brock400_4 1 1 4 5 4 91.335941868
Unordered brock400_4 1 1 4 5 4 92.859334598
Unordered brock400_4 1 1 4 5 4 94.406193413
Unordered brock400_4 1 1 4 5 4 95.529205631
Unordered brock400_4 1 1 4 5 4 95.851364411
Unordered brock400_4 1 1 4 5 4 97.443930206
Unordered brock400_4 1 1 4 5 4 98.601866087
Unordered brock400_4 1 1 4 5 4 99.122746473
Unordered brock400_4 2 2 4 5 8 44.971843827
Unordered brock400_4 2 2 4 5 8 47.125824591
Unordered brock400_4 2 2 4 5 8 48.81397408
Unordered brock400_4 2 2 4 5 8 50.280728135
Unordered brock400_4 2 2 4 5 8 50.569650445
Unordered brock400_4 2 2 4 5 8 51.043117797
Unordered brock400_4 2 2 4 5 8 51.236827054
Unordered brock400_4 2 2 4 5 8 53.171255007
Unordered brock400_4 2 2 4 5 8 54.679092807
Unordered brock400_4 2 2 4 5 8 58.692530187
Unordered brock400_4 4 8 4 5 32 13.077752031
Unordered brock400_4 4 8 4 5 32 13.160768166
Unordered brock400_4 4 8 4 5 32 13.303706886
Unordered brock400_4 4 8 4 5 32 14.050812196
Unordered brock400_4 4 8 4 5 32 15.430973715
Unordered brock400_4 4 8 4 5 32 15.492501931
Unordered brock400_4 4 8 4 5 32 4.146909302
Unordered brock400_4 4 8 4 5 32 4.209372556
Unordered brock400_4 4 8 4 5 32 4.724732944
Unordered brock400_4 4 8 4 5 32 8.094684178
Unordered brock400_4 8 16 4 5 64 6.422814294
Unordered brock400_4 8 16 4 5 64 7.218899504
Unordered brock400_4 8 16 4 5 64 7.28685163
Unordered brock400_4 8 16 4 5 64 7.455621041
Unordered brock400_4 8 16 4 5 64 7.638031675
Unordered brock400_4 8 16 4 5 64 7.880963044
Unordered brock400_4 8 16 4 5 64 8.040674416
Unordered brock400_4 8 16 4 5 64 8.068331304
Unordered brock400_4 8 16 4 5 64 8.17421063
Unordered brock400_4 8 16 4 5 64 8.189070744
Unordered brock400_4 16 32 4 5 128 2.827397467
Unordered brock400_4 16 32 4 5 128 4.543994878
Unordered brock400_4 16 32 4 5 128 4.653148357
Unordered brock400_4 16 32 4 5 128 4.689321928
Unordered brock400_4 16 32 4 5 128 4.779485273
Unordered brock400_4 16 32 4 5 128 4.793208099
Unordered brock400_4 16 32 4 5 128 4.829767827
Unordered brock400_4 16 32 4 5 128 4.994823439
Unordered brock400_4 16 32 4 5 128 4.997081789
Unordered brock400_4 16 32 4 5 128 5.43474546
Unordered brock400_4 17 50 4 5 200 2.089305751
Unordered brock400_4 17 50 4 5 200 2.642906209
Unordered brock400_4 17 50 4 5 200 3.962838405
Unordered brock400_4 17 50 4 5 200 3.992901181
Unordered brock400_4 17 50 4 5 200 4.077993571
Unordered brock400_4 17 50 4 5 200 4.433413638
Unordered brock400_4 17 50 4 5 200 4.55042938
Unordered brock400_4 17 50 4 5 200 4.700282438
Unordered brock400_4 17 50 4 5 200 4.869246131
Unordered brock400_4 17 50 4 5 200 5.122328451
Unordered brock800_1 1 1 1 2 1 NA
Unordered brock800_1 1 1 1 2 1 NA
Unordered brock800_1 1 1 1 2 1 NA
Unordered brock800_1 1 1 1 2 1 NA
Unordered brock800_1 1 1 1 2 1 NA
Unordered brock800_1 1 1 1 2 1 NA
Unordered brock800_1 1 1 1 2 1 NA
Unordered brock800_1 1 1 1 2 1 NA
Unordered brock800_1 1 1 1 2 1 NA
Unordered brock800_1 1 1 1 2 1 NA
Unordered brock800_1 1 1 2 3 2 NA
Unordered brock800_1 1 1 2 3 2 NA
Unordered brock800_1 1 1 2 3 2 NA
Unordered brock800_1 1 1 2 3 2 NA
Unordered brock800_1 1 1 2 3 2 NA
Unordered brock800_1 1 1 2 3 2 NA
Unordered brock800_1 1 1 2 3 2 NA
Unordered brock800_1 1 1 2 3 2 NA
Unordered brock800_1 1 1 2 3 2 NA
Unordered brock800_1 1 1 2 3 2 NA
Unordered brock800_1 1 1 4 5 4 NA
Unordered brock800_1 1 1 4 5 4 NA
Unordered brock800_1 1 1 4 5 4 NA
Unordered brock800_1 1 1 4 5 4 NA
Unordered brock800_1 1 1 4 5 4 NA
Unordered brock800_1 1 1 4 5 4 NA
Unordered brock800_1 1 1 4 5 4 NA
Unordered brock800_1 1 1 4 5 4 NA
Unordered brock800_1 1 1 4 5 4 NA
Unordered brock800_1 1 1 4 5 4 NA
Unordered brock800_1 2 2 4 5 8 1538.163834011
Unordered brock800_1 2 2 4 5 8 1573.155201592
Unordered brock800_1 2 2 4 5 8 3023.12489202
Unordered brock800_1 2 2 4 5 8 3025.068106374
Unordered brock800_1 2 2 4 5 8 3025.286844605
Unordered brock800_1 2 2 4 5 8 3105.359347171
Unordered brock800_1 2 2 4 5 8 3119.101275424
Unordered brock800_1 2 2 4 5 8 3125.511972368
Unordered brock800_1 2 2 4 5 8 3127.649448735
Unordered brock800_1 2 2 4 5 8 3132.195646703
Unordered brock800_1 4 8 4 5 32 396.091922104
Unordered brock800_1 4 8 4 5 32 758.601067955
Unordered brock800_1 4 8 4 5 32 760.017185938
Unordered brock800_1 4 8 4 5 32 763.528823324
Unordered brock800_1 4 8 4 5 32 765.765230991
Unordered brock800_1 4 8 4 5 32 768.302082197
Unordered brock800_1 4 8 4 5 32 776.656730387
Unordered brock800_1 4 8 4 5 32 777.390773637
Unordered brock800_1 4 8 4 5 32 789.406096067
Unordered brock800_1 4 8 4 5 32 791.361907583
Unordered brock800_1 8 16 4 5 64 203.001685862
Unordered brock800_1 8 16 4 5 64 386.262556767
Unordered brock800_1 8 16 4 5 64 390.429414723
Unordered brock800_1 8 16 4 5 64 390.839192206
Unordered brock800_1 8 16 4 5 64 391.670823213
Unordered brock800_1 8 16 4 5 64 396.077297874
Unordered brock800_1 8 16 4 5 64 400.695663134
Unordered brock800_1 8 16 4 5 64 401.696096523
Unordered brock800_1 8 16 4 5 64 406.686572389
Unordered brock800_1 8 16 4 5 64 999.892199941
Unordered brock800_1 16 32 4 5 128 102.137086994
Unordered brock800_1 16 32 4 5 128 102.263022866
Unordered brock800_1 16 32 4 5 128 1176.552310037
Unordered brock800_1 16 32 4 5 128 196.933527651
Unordered brock800_1 16 32 4 5 128 196.941046491
Unordered brock800_1 16 32 4 5 128 203.601176036
Unordered brock800_1 16 32 4 5 128 204.378669612
Unordered brock800_1 16 32 4 5 128 204.972016488
Unordered brock800_1 16 32 4 5 128 207.425709912
Unordered brock800_1 16 32 4 5 128 209.543084135
Unordered brock800_1 17 50 4 5 200 1182.292685691
Unordered brock800_1 17 50 4 5 200 147.392228323
Unordered brock800_1 17 50 4 5 200 154.201275472
Unordered brock800_1 17 50 4 5 200 156.426795854
Unordered brock800_1 17 50 4 5 200 159.660054342
Unordered brock800_1 17 50 4 5 200 160.765790843
Unordered brock800_1 17 50 4 5 200 161.938819878
Unordered brock800_1 17 50 4 5 200 77.094221218
Unordered brock800_1 17 50 4 5 200 78.060915039
Unordered brock800_1 17 50 4 5 200 80.026838388
Unordered brock800_2 1 1 1 2 1 NA
Unordered brock800_2 1 1 1 2 1 NA
Unordered brock800_2 1 1 1 2 1 NA
Unordered brock800_2 1 1 1 2 1 NA
Unordered brock800_2 1 1 1 2 1 NA
Unordered brock800_2 1 1 1 2 1 NA
Unordered brock800_2 1 1 1 2 1 NA
Unordered brock800_2 1 1 1 2 1 NA
Unordered brock800_2 1 1 1 2 1 NA
Unordered brock800_2 1 1 1 2 1 NA
Unordered brock800_2 1 1 2 3 2 NA
Unordered brock800_2 1 1 2 3 2 NA
Unordered brock800_2 1 1 2 3 2 NA
Unordered brock800_2 1 1 2 3 2 NA
Unordered brock800_2 1 1 2 3 2 NA
Unordered brock800_2 1 1 2 3 2 NA
Unordered brock800_2 1 1 2 3 2 NA
Unordered brock800_2 1 1 2 3 2 NA
Unordered brock800_2 1 1 2 3 2 NA
Unordered brock800_2 1 1 2 3 2 NA
Unordered brock800_2 1 1 4 5 4 NA
Unordered brock800_2 1 1 4 5 4 NA
Unordered brock800_2 1 1 4 5 4 NA
Unordered brock800_2 1 1 4 5 4 NA
Unordered brock800_2 1 1 4 5 4 NA
Unordered brock800_2 1 1 4 5 4 NA
Unordered brock800_2 1 1 4 5 4 NA
Unordered brock800_2 1 1 4 5 4 NA
Unordered brock800_2 1 1 4 5 4 NA
Unordered brock800_2 1 1 4 5 4 NA
Unordered brock800_2 2 2 4 5 8 1742.387380412
Unordered brock800_2 2 2 4 5 8 3376.835231732
Unordered brock800_2 2 2 4 5 8 3377.673635855
Unordered brock800_2 2 2 4 5 8 3413.844846537
Unordered brock800_2 2 2 4 5 8 3418.327138666
Unordered brock800_2 2 2 4 5 8 3418.723321714
Unordered brock800_2 2 2 4 5 8 3503.615364763
Unordered brock800_2 2 2 4 5 8 3524.870532511
Unordered brock800_2 2 2 4 5 8 3563.819726986
Unordered brock800_2 2 2 4 5 8 3564.954630676
Unordered brock800_2 4 8 4 5 32 436.972349583
Unordered brock800_2 4 8 4 5 32 840.484767683
Unordered brock800_2 4 8 4 5 32 845.895288189
Unordered brock800_2 4 8 4 5 32 854.563690511
Unordered brock800_2 4 8 4 5 32 855.887897452
Unordered brock800_2 4 8 4 5 32 856.914052107
Unordered brock800_2 4 8 4 5 32 868.42751617
Unordered brock800_2 4 8 4 5 32 884.153554274
Unordered brock800_2 4 8 4 5 32 884.97480252
Unordered brock800_2 4 8 4 5 32 886.293784474
Unordered brock800_2 8 16 4 5 64 219.108123359
Unordered brock800_2 8 16 4 5 64 424.051999267
Unordered brock800_2 8 16 4 5 64 424.427198497
Unordered brock800_2 8 16 4 5 64 434.235214449
Unordered brock800_2 8 16 4 5 64 438.994652888
Unordered brock800_2 8 16 4 5 64 439.479773987
Unordered brock800_2 8 16 4 5 64 444.619636064
Unordered brock800_2 8 16 4 5 64 446.562634573
Unordered brock800_2 8 16 4 5 64 453.252432007
Unordered brock800_2 8 16 4 5 64 458.564293348
Unordered brock800_2 16 32 4 5 128 212.591073806
Unordered brock800_2 16 32 4 5 128 213.533281519
Unordered brock800_2 16 32 4 5 128 213.796825916
Unordered brock800_2 16 32 4 5 128 214.547040957
Unordered brock800_2 16 32 4 5 128 216.210719796
Unordered brock800_2 16 32 4 5 128 223.362279482
Unordered brock800_2 16 32 4 5 128 224.078712584
Unordered brock800_2 16 32 4 5 128 226.046885837
Unordered brock800_2 16 32 4 5 128 226.853825647
Unordered brock800_2 16 32 4 5 128 235.69128158
Unordered brock800_2 17 50 4 5 200 121.513158649
Unordered brock800_2 17 50 4 5 200 1231.399409728
Unordered brock800_2 17 50 4 5 200 160.751412856
Unordered brock800_2 17 50 4 5 200 162.070695191
Unordered brock800_2 17 50 4 5 200 163.130479546
Unordered brock800_2 17 50 4 5 200 166.640201483
Unordered brock800_2 17 50 4 5 200 169.228985329
Unordered brock800_2 17 50 4 5 200 173.357394665
Unordered brock800_2 17 50 4 5 200 175.728007721
Unordered brock800_2 17 50 4 5 200 176.012956331
Unordered brock800_3 1 1 1 2 1 NA
Unordered brock800_3 1 1 1 2 1 NA
Unordered brock800_3 1 1 1 2 1 NA
Unordered brock800_3 1 1 1 2 1 NA
Unordered brock800_3 1 1 1 2 1 NA
Unordered brock800_3 1 1 1 2 1 NA
Unordered brock800_3 1 1 1 2 1 NA
Unordered brock800_3 1 1 1 2 1 NA
Unordered brock800_3 1 1 1 2 1 NA
Unordered brock800_3 1 1 1 2 1 NA
Unordered brock800_3 1 1 2 3 2 NA
Unordered brock800_3 1 1 2 3 2 NA
Unordered brock800_3 1 1 2 3 2 NA
Unordered brock800_3 1 1 2 3 2 NA
Unordered brock800_3 1 1 2 3 2 NA
Unordered brock800_3 1 1 2 3 2 NA
Unordered brock800_3 1 1 2 3 2 NA
Unordered brock800_3 1 1 2 3 2 NA
Unordered brock800_3 1 1 2 3 2 NA
Unordered brock800_3 1 1 2 3 2 NA
Unordered brock800_3 1 1 4 5 4 1486.866228903
Unordered brock800_3 1 1 4 5 4 1835.18685938
Unordered brock800_3 1 1 4 5 4 2459.098699464
Unordered brock800_3 1 1 4 5 4 3565.338425586
Unordered brock800_3 1 1 4 5 4 NA
Unordered brock800_3 1 1 4 5 4 NA
Unordered brock800_3 1 1 4 5 4 NA
Unordered brock800_3 1 1 4 5 4 NA
Unordered brock800_3 1 1 4 5 4 NA
Unordered brock800_3 1 1 4 5 4 NA
Unordered brock800_3 2 2 4 5 8 1776.834970035
Unordered brock800_3 2 2 4 5 8 1791.5816464
Unordered brock800_3 2 2 4 5 8 1818.824980479
Unordered brock800_3 2 2 4 5 8 1824.264443731
Unordered brock800_3 2 2 4 5 8 1833.211672424
Unordered brock800_3 2 2 4 5 8 1834.385008276
Unordered brock800_3 2 2 4 5 8 1839.814746134
Unordered brock800_3 2 2 4 5 8 1848.695136762
Unordered brock800_3 2 2 4 5 8 1854.654124972
Unordered brock800_3 2 2 4 5 8 1865.967564156
Unordered brock800_3 4 8 4 5 32 197.50151679
Unordered brock800_3 4 8 4 5 32 446.371431004
Unordered brock800_3 4 8 4 5 32 450.427985755
Unordered brock800_3 4 8 4 5 32 457.752897244
Unordered brock800_3 4 8 4 5 32 461.400914711
Unordered brock800_3 4 8 4 5 32 462.821105815
Unordered brock800_3 4 8 4 5 32 464.564568098
Unordered brock800_3 4 8 4 5 32 468.095497831
Unordered brock800_3 4 8 4 5 32 468.740909168
Unordered brock800_3 4 8 4 5 32 477.179400233
Unordered brock800_3 8 16 4 5 64 227.169062398
Unordered brock800_3 8 16 4 5 64 230.606821761
Unordered brock800_3 8 16 4 5 64 231.150078581
Unordered brock800_3 8 16 4 5 64 232.143946034
Unordered brock800_3 8 16 4 5 64 232.764873917
Unordered brock800_3 8 16 4 5 64 234.370376654
Unordered brock800_3 8 16 4 5 64 234.417603082
Unordered brock800_3 8 16 4 5 64 235.628871358
Unordered brock800_3 8 16 4 5 64 236.325393829
Unordered brock800_3 8 16 4 5 64 237.699437831
Unordered brock800_3 16 32 4 5 128 113.729777923
Unordered brock800_3 16 32 4 5 128 115.922255622
Unordered brock800_3 16 32 4 5 128 117.163636781
Unordered brock800_3 16 32 4 5 128 117.635894167
Unordered brock800_3 16 32 4 5 128 118.101382009
Unordered brock800_3 16 32 4 5 128 120.808664261
Unordered brock800_3 16 32 4 5 128 121.561110303
Unordered brock800_3 16 32 4 5 128 121.976758185
Unordered brock800_3 16 32 4 5 128 123.881733741
Unordered brock800_3 16 32 4 5 128 126.316310314
Unordered brock800_3 17 50 4 5 200 81.601503448
Unordered brock800_3 17 50 4 5 200 83.893275384
Unordered brock800_3 17 50 4 5 200 90.930623706
Unordered brock800_3 17 50 4 5 200 90.95898473
Unordered brock800_3 17 50 4 5 200 91.219518456
Unordered brock800_3 17 50 4 5 200 91.750554793
Unordered brock800_3 17 50 4 5 200 92.437142328
Unordered brock800_3 17 50 4 5 200 92.530766712
Unordered brock800_3 17 50 4 5 200 93.097297826
Unordered brock800_3 17 50 4 5 200 93.772893082
Unordered brock800_4 1 1 1 2 1 NA
Unordered brock800_4 1 1 1 2 1 NA
Unordered brock800_4 1 1 1 2 1 NA
Unordered brock800_4 1 1 1 2 1 NA
Unordered brock800_4 1 1 1 2 1 NA
Unordered brock800_4 1 1 1 2 1 NA
Unordered brock800_4 1 1 1 2 1 NA
Unordered brock800_4 1 1 1 2 1 NA
Unordered brock800_4 1 1 1 2 1 NA
Unordered brock800_4 1 1 1 2 1 NA
Unordered brock800_4 1 1 2 3 2 NA
Unordered brock800_4 1 1 2 3 2 NA
Unordered brock800_4 1 1 2 3 2 NA
Unordered brock800_4 1 1 2 3 2 NA
Unordered brock800_4 1 1 2 3 2 NA
Unordered brock800_4 1 1 2 3 2 NA
Unordered brock800_4 1 1 2 3 2 NA
Unordered brock800_4 1 1 2 3 2 NA
Unordered brock800_4 1 1 2 3 2 NA
Unordered brock800_4 1 1 2 3 2 NA
Unordered brock800_4 1 1 4 5 4 NA
Unordered brock800_4 1 1 4 5 4 NA
Unordered brock800_4 1 1 4 5 4 NA
Unordered brock800_4 1 1 4 5 4 NA
Unordered brock800_4 1 1 4 5 4 NA
Unordered brock800_4 1 1 4 5 4 NA
Unordered brock800_4 1 1 4 5 4 NA
Unordered brock800_4 1 1 4 5 4 NA
Unordered brock800_4 1 1 4 5 4 NA
Unordered brock800_4 1 1 4 5 4 NA
Unordered brock800_4 2 2 4 5 8 2519.168257668
Unordered brock800_4 2 2 4 5 8 2529.847358793
Unordered brock800_4 2 2 4 5 8 2558.753367047
Unordered brock800_4 2 2 4 5 8 2568.882626613
Unordered brock800_4 2 2 4 5 8 2810.179920835
Unordered brock800_4 2 2 4 5 8 2822.721197301
Unordered brock800_4 2 2 4 5 8 2835.517909869
Unordered brock800_4 2 2 4 5 8 2850.735454229
Unordered brock800_4 2 2 4 5 8 2857.092263064
Unordered brock800_4 2 2 4 5 8 2878.425592614
Unordered brock800_4 4 8 4 5 32 638.811931787
Unordered brock800_4 4 8 4 5 32 652.484063905
Unordered brock800_4 4 8 4 5 32 656.474413109
Unordered brock800_4 4 8 4 5 32 674.460687841
Unordered brock800_4 4 8 4 5 32 704.582988831
Unordered brock800_4 4 8 4 5 32 711.923606691
Unordered brock800_4 4 8 4 5 32 712.983576929
Unordered brock800_4 4 8 4 5 32 714.768391238
Unordered brock800_4 4 8 4 5 32 726.475372335
Unordered brock800_4 4 8 4 5 32 728.743172244
Unordered brock800_4 8 16 4 5 64 315.165198512
Unordered brock800_4 8 16 4 5 64 329.737030298
Unordered brock800_4 8 16 4 5 64 330.253473579
Unordered brock800_4 8 16 4 5 64 355.326593179
Unordered brock800_4 8 16 4 5 64 358.940897165
Unordered brock800_4 8 16 4 5 64 366.312888852
Unordered brock800_4 8 16 4 5 64 371.86251757
Unordered brock800_4 8 16 4 5 64 373.238890207
Unordered brock800_4 8 16 4 5 64 374.753462897
Unordered brock800_4 8 16 4 5 64 69.274057345
Unordered brock800_4 16 32 4 5 128 157.19903394
Unordered brock800_4 16 32 4 5 128 162.830414645
Unordered brock800_4 16 32 4 5 128 163.967508226
Unordered brock800_4 16 32 4 5 128 169.072442863
Unordered brock800_4 16 32 4 5 128 171.144099362
Unordered brock800_4 16 32 4 5 128 172.318979007
Unordered brock800_4 16 32 4 5 128 175.140444072
Unordered brock800_4 16 32 4 5 128 190.943257123
Unordered brock800_4 16 32 4 5 128 68.181379889
Unordered brock800_4 16 32 4 5 128 95.742192996
Unordered brock800_4 17 50 4 5 200 132.210211637
Unordered brock800_4 17 50 4 5 200 133.946835654
Unordered brock800_4 17 50 4 5 200 136.122275412
Unordered brock800_4 17 50 4 5 200 137.951381532
Unordered brock800_4 17 50 4 5 200 139.551671095
Unordered brock800_4 17 50 4 5 200 145.242651144
Unordered brock800_4 17 50 4 5 200 146.055147783
Unordered brock800_4 17 50 4 5 200 152.748146844
Unordered brock800_4 17 50 4 5 200 154.827814912
Unordered brock800_4 17 50 4 5 200 28.535109509
Unordered MANN_a45 1 1 1 2 1 299.308327465
Unordered MANN_a45 1 1 1 2 1 299.480139385
Unordered MANN_a45 1 1 1 2 1 301.269529891
Unordered MANN_a45 1 1 1 2 1 305.597684511
Unordered MANN_a45 1 1 1 2 1 305.795170543
Unordered MANN_a45 1 1 1 2 1 306.287401623
Unordered MANN_a45 1 1 1 2 1 310.239811836
Unordered MANN_a45 1 1 1 2 1 312.017670246
Unordered MANN_a45 1 1 1 2 1 313.514898154
Unordered MANN_a45 1 1 1 2 1 315.16738854
Unordered MANN_a45 1 1 2 3 2 146.178796206
Unordered MANN_a45 1 1 2 3 2 163.698462545
Unordered MANN_a45 1 1 2 3 2 164.920766844
Unordered MANN_a45 1 1 2 3 2 166.128323728
Unordered MANN_a45 1 1 2 3 2 168.46095212
Unordered MANN_a45 1 1 2 3 2 169.51607798
Unordered MANN_a45 1 1 2 3 2 170.761560576
Unordered MANN_a45 1 1 2 3 2 173.071506888
Unordered MANN_a45 1 1 2 3 2 178.683876641
Unordered MANN_a45 1 1 2 3 2 179.100942182
Unordered MANN_a45 1 1 4 5 4 86.807152778
Unordered MANN_a45 1 1 4 5 4 87.999260934
Unordered MANN_a45 1 1 4 5 4 92.923716445
Unordered MANN_a45 1 1 4 5 4 93.542594244
Unordered MANN_a45 1 1 4 5 4 93.805025383
Unordered MANN_a45 1 1 4 5 4 93.979471697
Unordered MANN_a45 1 1 4 5 4 95.114479425
Unordered MANN_a45 1 1 4 5 4 95.301394599
Unordered MANN_a45 1 1 4 5 4 95.885795145
Unordered MANN_a45 1 1 4 5 4 96.927362136
Unordered MANN_a45 2 2 4 5 8 48.754110515
Unordered MANN_a45 2 2 4 5 8 48.755625826
Unordered MANN_a45 2 2 4 5 8 49.707986173
Unordered MANN_a45 2 2 4 5 8 50.081884676
Unordered MANN_a45 2 2 4 5 8 50.43480071
Unordered MANN_a45 2 2 4 5 8 51.009970307
Unordered MANN_a45 2 2 4 5 8 51.850653763
Unordered MANN_a45 2 2 4 5 8 51.942539856
Unordered MANN_a45 2 2 4 5 8 53.534215198
Unordered MANN_a45 2 2 4 5 8 53.733085586
Unordered MANN_a45 4 8 4 5 32 21.621407298
Unordered MANN_a45 4 8 4 5 32 21.907201457
Unordered MANN_a45 4 8 4 5 32 22.7421082
Unordered MANN_a45 4 8 4 5 32 23.203475307
Unordered MANN_a45 4 8 4 5 32 23.912470412
Unordered MANN_a45 4 8 4 5 32 24.011697313
Unordered MANN_a45 4 8 4 5 32 24.492872777
Unordered MANN_a45 4 8 4 5 32 24.71109675
Unordered MANN_a45 4 8 4 5 32 25.245427285
Unordered MANN_a45 4 8 4 5 32 25.378630552
Unordered MANN_a45 8 16 4 5 64 18.769633218
Unordered MANN_a45 8 16 4 5 64 18.872278727
Unordered MANN_a45 8 16 4 5 64 18.941535802
Unordered MANN_a45 8 16 4 5 64 19.128489191
Unordered MANN_a45 8 16 4 5 64 19.225323179
Unordered MANN_a45 8 16 4 5 64 19.408456357
Unordered MANN_a45 8 16 4 5 64 19.503712301
Unordered MANN_a45 8 16 4 5 64 19.95403347
Unordered MANN_a45 8 16 4 5 64 20.253295358
Unordered MANN_a45 8 16 4 5 64 20.46739343
Unordered MANN_a45 16 32 4 5 128 18.28853415
Unordered MANN_a45 16 32 4 5 128 18.336027318
Unordered MANN_a45 16 32 4 5 128 18.435750713
Unordered MANN_a45 16 32 4 5 128 18.517415161
Unordered MANN_a45 16 32 4 5 128 18.737425549
Unordered MANN_a45 16 32 4 5 128 18.837520971
Unordered MANN_a45 16 32 4 5 128 18.862699817
Unordered MANN_a45 16 32 4 5 128 18.920679109
Unordered MANN_a45 16 32 4 5 128 19.395221344
Unordered MANN_a45 16 32 4 5 128 19.819169686
Unordered MANN_a45 17 50 4 5 200 18.394770006
Unordered MANN_a45 17 50 4 5 200 18.555427728
Unordered MANN_a45 17 50 4 5 200 18.587531812
Unordered MANN_a45 17 50 4 5 200 18.959806159
Unordered MANN_a45 17 50 4 5 200 18.966007752
Unordered MANN_a45 17 50 4 5 200 19.036431056
Unordered MANN_a45 17 50 4 5 200 19.220817778
Unordered MANN_a45 17 50 4 5 200 19.243456094
Unordered MANN_a45 17 50 4 5 200 19.304674194
Unordered MANN_a45 17 50 4 5 200 19.87172059
Unordered p_hat1000-2 1 1 1 2 1 283.227789144
Unordered p_hat1000-2 1 1 1 2 1 287.426751613
Unordered p_hat1000-2 1 1 1 2 1 292.113218992
Unordered p_hat1000-2 1 1 1 2 1 294.759557177
Unordered p_hat1000-2 1 1 1 2 1 299.828182207
Unordered p_hat1000-2 1 1 1 2 1 300.967150691
Unordered p_hat1000-2 1 1 1 2 1 302.217045609
Unordered p_hat1000-2 1 1 1 2 1 303.276022721
Unordered p_hat1000-2 1 1 1 2 1 303.909793817
Unordered p_hat1000-2 1 1 1 2 1 304.488057135
Unordered p_hat1000-2 1 1 2 3 2 156.840696136
Unordered p_hat1000-2 1 1 2 3 2 158.164475007
Unordered p_hat1000-2 1 1 2 3 2 158.858031565
Unordered p_hat1000-2 1 1 2 3 2 158.969838046
Unordered p_hat1000-2 1 1 2 3 2 159.05546421
Unordered p_hat1000-2 1 1 2 3 2 159.521174944
Unordered p_hat1000-2 1 1 2 3 2 160.659355517
Unordered p_hat1000-2 1 1 2 3 2 163.760537274
Unordered p_hat1000-2 1 1 2 3 2 163.795773925
Unordered p_hat1000-2 1 1 2 3 2 164.45828555
Unordered p_hat1000-2 1 1 4 5 4 88.81505836
Unordered p_hat1000-2 1 1 4 5 4 88.964704828
Unordered p_hat1000-2 1 1 4 5 4 89.078620263
Unordered p_hat1000-2 1 1 4 5 4 89.203519158
Unordered p_hat1000-2 1 1 4 5 4 89.441356097
Unordered p_hat1000-2 1 1 4 5 4 89.48353904
Unordered p_hat1000-2 1 1 4 5 4 89.576571295
Unordered p_hat1000-2 1 1 4 5 4 89.628023582
Unordered p_hat1000-2 1 1 4 5 4 89.706155344
Unordered p_hat1000-2 1 1 4 5 4 93.101236946
Unordered p_hat1000-2 2 2 4 5 8 46.052327095
Unordered p_hat1000-2 2 2 4 5 8 46.493612509
Unordered p_hat1000-2 2 2 4 5 8 46.776048739
Unordered p_hat1000-2 2 2 4 5 8 47.071325924
Unordered p_hat1000-2 2 2 4 5 8 47.271314218
Unordered p_hat1000-2 2 2 4 5 8 47.366713451
Unordered p_hat1000-2 2 2 4 5 8 47.68437187
Unordered p_hat1000-2 2 2 4 5 8 47.984842046
Unordered p_hat1000-2 2 2 4 5 8 49.116903051
Unordered p_hat1000-2 2 2 4 5 8 49.310369998
Unordered p_hat1000-2 4 8 4 5 32 13.507366527
Unordered p_hat1000-2 4 8 4 5 32 13.513678388
Unordered p_hat1000-2 4 8 4 5 32 13.575475912
Unordered p_hat1000-2 4 8 4 5 32 13.890482302
Unordered p_hat1000-2 4 8 4 5 32 13.990290296
Unordered p_hat1000-2 4 8 4 5 32 13.994316585
Unordered p_hat1000-2 4 8 4 5 32 14.235210465
Unordered p_hat1000-2 4 8 4 5 32 14.262423334
Unordered p_hat1000-2 4 8 4 5 32 16.868133283
Unordered p_hat1000-2 4 8 4 5 32 18.413704548
Unordered p_hat1000-2 8 16 4 5 64 7.463749329
Unordered p_hat1000-2 8 16 4 5 64 7.58853746
Unordered p_hat1000-2 8 16 4 5 64 7.64285908
Unordered p_hat1000-2 8 16 4 5 64 7.701119036
Unordered p_hat1000-2 8 16 4 5 64 7.842816773
Unordered p_hat1000-2 8 16 4 5 64 7.8477043
Unordered p_hat1000-2 8 16 4 5 64 7.955863922
Unordered p_hat1000-2 8 16 4 5 64 7.979052687
Unordered p_hat1000-2 8 16 4 5 64 7.991968535
Unordered p_hat1000-2 8 16 4 5 64 8.358262864
Unordered p_hat1000-2 16 32 4 5 128 4.514914433
Unordered p_hat1000-2 16 32 4 5 128 4.713236616
Unordered p_hat1000-2 16 32 4 5 128 4.770386555
Unordered p_hat1000-2 16 32 4 5 128 5.003735476
Unordered p_hat1000-2 16 32 4 5 128 5.164856747
Unordered p_hat1000-2 16 32 4 5 128 5.179483187
Unordered p_hat1000-2 16 32 4 5 128 5.29747412
Unordered p_hat1000-2 16 32 4 5 128 5.313566193
Unordered p_hat1000-2 16 32 4 5 128 5.321444216
Unordered p_hat1000-2 16 32 4 5 128 5.408958282
Unordered p_hat1000-2 17 50 4 5 200 4.230577333
Unordered p_hat1000-2 17 50 4 5 200 4.379104314
Unordered p_hat1000-2 17 50 4 5 200 4.434602733
Unordered p_hat1000-2 17 50 4 5 200 4.529673286
Unordered p_hat1000-2 17 50 4 5 200 4.557535321
Unordered p_hat1000-2 17 50 4 5 200 4.634290766
Unordered p_hat1000-2 17 50 4 5 200 4.824897173
Unordered p_hat1000-2 17 50 4 5 200 4.828626867
Unordered p_hat1000-2 17 50 4 5 200 4.899595793
Unordered p_hat1000-2 17 50 4 5 200 5.086085143
Unordered p_hat500-3 1 1 1 2 1 162.775430261
Unordered p_hat500-3 1 1 1 2 1 162.912985403
Unordered p_hat500-3 1 1 1 2 1 165.46588984
Unordered p_hat500-3 1 1 1 2 1 167.148379824
Unordered p_hat500-3 1 1 1 2 1 167.492481599
Unordered p_hat500-3 1 1 1 2 1 170.276102989
Unordered p_hat500-3 1 1 1 2 1 171.271011578
Unordered p_hat500-3 1 1 1 2 1 171.631020755
Unordered p_hat500-3 1 1 1 2 1 172.253436665
Unordered p_hat500-3 1 1 1 2 1 176.292897781
Unordered p_hat500-3 1 1 2 3 2 103.24799324
Unordered p_hat500-3 1 1 2 3 2 104.958847601
Unordered p_hat500-3 1 1 2 3 2 91.396091542
Unordered p_hat500-3 1 1 2 3 2 92.535961038
Unordered p_hat500-3 1 1 2 3 2 93.0074315
Unordered p_hat500-3 1 1 2 3 2 93.42139382
Unordered p_hat500-3 1 1 2 3 2 93.739884387
Unordered p_hat500-3 1 1 2 3 2 95.012647028
Unordered p_hat500-3 1 1 2 3 2 96.094201839
Unordered p_hat500-3 1 1 2 3 2 99.105852809
Unordered p_hat500-3 1 1 4 5 4 50.261731533
Unordered p_hat500-3 1 1 4 5 4 50.688295351
Unordered p_hat500-3 1 1 4 5 4 52.604849145
Unordered p_hat500-3 1 1 4 5 4 52.693733187
Unordered p_hat500-3 1 1 4 5 4 53.266263581
Unordered p_hat500-3 1 1 4 5 4 53.384019201
Unordered p_hat500-3 1 1 4 5 4 54.208113312
Unordered p_hat500-3 1 1 4 5 4 54.80240514
Unordered p_hat500-3 1 1 4 5 4 55.075157927
Unordered p_hat500-3 1 1 4 5 4 58.796398623
Unordered p_hat500-3 2 2 4 5 8 26.897224933
Unordered p_hat500-3 2 2 4 5 8 27.194917578
Unordered p_hat500-3 2 2 4 5 8 27.22556177
Unordered p_hat500-3 2 2 4 5 8 27.639491123
Unordered p_hat500-3 2 2 4 5 8 27.887911963
Unordered p_hat500-3 2 2 4 5 8 28.206148603
Unordered p_hat500-3 2 2 4 5 8 28.272337118
Unordered p_hat500-3 2 2 4 5 8 28.723275462
Unordered p_hat500-3 2 2 4 5 8 28.828669661
Unordered p_hat500-3 2 2 4 5 8 29.069383119
Unordered p_hat500-3 4 8 4 5 32 7.548674665
Unordered p_hat500-3 4 8 4 5 32 7.872637767
Unordered p_hat500-3 4 8 4 5 32 8.247712541
Unordered p_hat500-3 4 8 4 5 32 8.331472672
Unordered p_hat500-3 4 8 4 5 32 8.348874555
Unordered p_hat500-3 4 8 4 5 32 8.419301557
Unordered p_hat500-3 4 8 4 5 32 8.592234526
Unordered p_hat500-3 4 8 4 5 32 8.684208914
Unordered p_hat500-3 4 8 4 5 32 8.781192678
Unordered p_hat500-3 4 8 4 5 32 9.219587745
Unordered p_hat500-3 8 16 4 5 64 4.469020011
Unordered p_hat500-3 8 16 4 5 64 4.636344559
Unordered p_hat500-3 8 16 4 5 64 4.789406827
Unordered p_hat500-3 8 16 4 5 64 4.827396701
Unordered p_hat500-3 8 16 4 5 64 4.928086276
Unordered p_hat500-3 8 16 4 5 64 4.975420739
Unordered p_hat500-3 8 16 4 5 64 5.124883228
Unordered p_hat500-3 8 16 4 5 64 5.217048843
Unordered p_hat500-3 8 16 4 5 64 53.861455843
Unordered p_hat500-3 8 16 4 5 64 5.973796921
Unordered p_hat500-3 16 32 4 5 128 3.067392044
Unordered p_hat500-3 16 32 4 5 128 3.28485783
Unordered p_hat500-3 16 32 4 5 128 3.39206995
Unordered p_hat500-3 16 32 4 5 128 3.503729075
Unordered p_hat500-3 16 32 4 5 128 3.565178999
Unordered p_hat500-3 16 32 4 5 128 3.59114012
Unordered p_hat500-3 16 32 4 5 128 3.620468413
Unordered p_hat500-3 16 32 4 5 128 3.699225364
Unordered p_hat500-3 16 32 4 5 128 3.893349181
Unordered p_hat500-3 16 32 4 5 128 50.078467103
Unordered p_hat500-3 17 50 4 5 200 3.047947281
Unordered p_hat500-3 17 50 4 5 200 3.148408458
Unordered p_hat500-3 17 50 4 5 200 3.187103808
Unordered p_hat500-3 17 50 4 5 200 3.296564199
Unordered p_hat500-3 17 50 4 5 200 3.414192719
Unordered p_hat500-3 17 50 4 5 200 3.4331754
Unordered p_hat500-3 17 50 4 5 200 3.45845318
Unordered p_hat500-3 17 50 4 5 200 3.528032494
Unordered p_hat500-3 17 50 4 5 200 3.654919683
Unordered p_hat500-3 17 50 4 5 200 52.691484456
Unordered p_hat700-3 1 1 1 2 1 2208.66361895
Unordered p_hat700-3 1 1 1 2 1 2213.842768997
Unordered p_hat700-3 1 1 1 2 1 2216.515831064
Unordered p_hat700-3 1 1 1 2 1 2247.478929957
Unordered p_hat700-3 1 1 1 2 1 2251.820646603
Unordered p_hat700-3 1 1 1 2 1 2259.069668714
Unordered p_hat700-3 1 1 1 2 1 2262.835470445
Unordered p_hat700-3 1 1 1 2 1 2285.410425862
Unordered p_hat700-3 1 1 1 2 1 2322.800850735
Unordered p_hat700-3 1 1 1 2 1 2333.135926047
Unordered p_hat700-3 1 1 2 3 2 1195.23325525
Unordered p_hat700-3 1 1 2 3 2 1197.922500277
Unordered p_hat700-3 1 1 2 3 2 1198.521522187
Unordered p_hat700-3 1 1 2 3 2 1207.264969368
Unordered p_hat700-3 1 1 2 3 2 1220.848520363
Unordered p_hat700-3 1 1 2 3 2 1226.672614897
Unordered p_hat700-3 1 1 2 3 2 1253.912052589
Unordered p_hat700-3 1 1 2 3 2 1267.055180656
Unordered p_hat700-3 1 1 2 3 2 1285.619929268
Unordered p_hat700-3 1 1 2 3 2 1291.039826421
Unordered p_hat700-3 1 1 4 5 4 655.348968967
Unordered p_hat700-3 1 1 4 5 4 664.997072735
Unordered p_hat700-3 1 1 4 5 4 674.026677615
Unordered p_hat700-3 1 1 4 5 4 678.133968893
Unordered p_hat700-3 1 1 4 5 4 681.52546723
Unordered p_hat700-3 1 1 4 5 4 682.493021051
Unordered p_hat700-3 1 1 4 5 4 687.317781099
Unordered p_hat700-3 1 1 4 5 4 690.581019936
Unordered p_hat700-3 1 1 4 5 4 718.595411352
Unordered p_hat700-3 1 1 4 5 4 816.687925477
Unordered p_hat700-3 2 2 4 5 8 336.775990344
Unordered p_hat700-3 2 2 4 5 8 337.691285679
Unordered p_hat700-3 2 2 4 5 8 340.103721075
Unordered p_hat700-3 2 2 4 5 8 340.364129988
Unordered p_hat700-3 2 2 4 5 8 340.463329902
Unordered p_hat700-3 2 2 4 5 8 341.533100827
Unordered p_hat700-3 2 2 4 5 8 342.220335097
Unordered p_hat700-3 2 2 4 5 8 349.099600328
Unordered p_hat700-3 2 2 4 5 8 349.667039568
Unordered p_hat700-3 2 2 4 5 8 355.733247749
Unordered p_hat700-3 4 8 4 5 32 86.259423715
Unordered p_hat700-3 4 8 4 5 32 87.003459572
Unordered p_hat700-3 4 8 4 5 32 87.148430946
Unordered p_hat700-3 4 8 4 5 32 87.312580698
Unordered p_hat700-3 4 8 4 5 32 87.829194876
Unordered p_hat700-3 4 8 4 5 32 87.946373991
Unordered p_hat700-3 4 8 4 5 32 88.876922338
Unordered p_hat700-3 4 8 4 5 32 88.90382088
Unordered p_hat700-3 4 8 4 5 32 89.113328095
Unordered p_hat700-3 4 8 4 5 32 90.62914116
Unordered p_hat700-3 8 16 4 5 64 44.494066903
Unordered p_hat700-3 8 16 4 5 64 45.130188851
Unordered p_hat700-3 8 16 4 5 64 46.589698738
Unordered p_hat700-3 8 16 4 5 64 46.760769023
Unordered p_hat700-3 8 16 4 5 64 47.495072942
Unordered p_hat700-3 8 16 4 5 64 47.726734435
Unordered p_hat700-3 8 16 4 5 64 47.87335926
Unordered p_hat700-3 8 16 4 5 64 48.342889066
Unordered p_hat700-3 8 16 4 5 64 48.833319311
Unordered p_hat700-3 8 16 4 5 64 49.527094709
Unordered p_hat700-3 16 32 4 5 128 26.160331209
Unordered p_hat700-3 16 32 4 5 128 26.376119157
Unordered p_hat700-3 16 32 4 5 128 26.451462159
Unordered p_hat700-3 16 32 4 5 128 26.514245829
Unordered p_hat700-3 16 32 4 5 128 26.617229517
Unordered p_hat700-3 16 32 4 5 128 26.796173611
Unordered p_hat700-3 16 32 4 5 128 26.888817828
Unordered p_hat700-3 16 32 4 5 128 27.236777738
Unordered p_hat700-3 16 32 4 5 128 27.245121312
Unordered p_hat700-3 16 32 4 5 128 28.051854625
Unordered p_hat700-3 17 50 4 5 200 21.274107656
Unordered p_hat700-3 17 50 4 5 200 21.418983231
Unordered p_hat700-3 17 50 4 5 200 21.424624976
Unordered p_hat700-3 17 50 4 5 200 21.581759097
Unordered p_hat700-3 17 50 4 5 200 21.646171765
Unordered p_hat700-3 17 50 4 5 200 21.730606715
Unordered p_hat700-3 17 50 4 5 200 21.797320026
Unordered p_hat700-3 17 50 4 5 200 21.927377841
Unordered p_hat700-3 17 50 4 5 200 22.00716933
Unordered p_hat700-3 17 50 4 5 200 22.244942909
Unordered sanr200_0.9 1 1 2 3 2 38.872268796
Unordered sanr200_0.9 1 1 2 3 2 59.018005591
Unordered sanr200_0.9 1 1 2 3 2 61.788212451
Unordered sanr200_0.9 1 1 2 3 2 62.626031477
Unordered sanr200_0.9 1 1 2 3 2 63.392137324
Unordered sanr200_0.9 1 1 2 3 2 63.925308759
Unordered sanr200_0.9 1 1 2 3 2 65.336021648
Unordered sanr200_0.9 1 1 2 3 2 66.267193428
Unordered sanr200_0.9 1 1 2 3 2 69.487171817
Unordered sanr200_0.9 1 1 2 3 2 69.842133238
Unordered sanr200_0.9 1 1 4 5 4 22.155381793
Unordered sanr200_0.9 1 1 4 5 4 32.320087017
Unordered sanr200_0.9 1 1 4 5 4 34.598236571
Unordered sanr200_0.9 1 1 4 5 4 34.887014833
Unordered sanr200_0.9 1 1 4 5 4 35.409397953
Unordered sanr200_0.9 1 1 4 5 4 36.205259611
Unordered sanr200_0.9 1 1 4 5 4 37.291528184
Unordered sanr200_0.9 1 1 4 5 4 38.531588217
Unordered sanr200_0.9 1 1 4 5 4 39.935828342
Unordered sanr200_0.9 1 1 4 5 4 44.193154804
Unordered sanr200_0.9 1 1 1 2 1 105.848674413
Unordered sanr200_0.9 1 1 1 2 1 106.840787301
Unordered sanr200_0.9 1 1 1 2 1 107.051219009
Unordered sanr200_0.9 1 1 1 2 1 107.260511623
Unordered sanr200_0.9 1 1 1 2 1 108.743364229
Unordered sanr200_0.9 1 1 1 2 1 109.50799902
Unordered sanr200_0.9 1 1 1 2 1 109.754442106
Unordered sanr200_0.9 1 1 1 2 1 110.02959194
Unordered sanr200_0.9 1 1 1 2 1 111.263399471
Unordered sanr200_0.9 1 1 1 2 1 111.67700678
Unordered sanr200_0.9 2 2 4 5 8 11.319026434
Unordered sanr200_0.9 2 2 4 5 8 11.615079088
Unordered sanr200_0.9 2 2 4 5 8 11.685108906
Unordered sanr200_0.9 2 2 4 5 8 16.981783843
Unordered sanr200_0.9 2 2 4 5 8 17.139260474
Unordered sanr200_0.9 2 2 4 5 8 18.44516426
Unordered sanr200_0.9 2 2 4 5 8 18.607168886
Unordered sanr200_0.9 2 2 4 5 8 19.348970786
Unordered sanr200_0.9 2 2 4 5 8 19.386641173
Unordered sanr200_0.9 2 2 4 5 8 21.855619135
Unordered sanr200_0.9 4 8 4 5 32 4.846980211
Unordered sanr200_0.9 4 8 4 5 32 5.765467301
Unordered sanr200_0.9 4 8 4 5 32 5.831349668
Unordered sanr200_0.9 4 8 4 5 32 5.972910409
Unordered sanr200_0.9 4 8 4 5 32 6.022351447
Unordered sanr200_0.9 4 8 4 5 32 6.319309318
Unordered sanr200_0.9 4 8 4 5 32 6.345171773
Unordered sanr200_0.9 4 8 4 5 32 6.401442356
Unordered sanr200_0.9 4 8 4 5 32 6.450549634
Unordered sanr200_0.9 4 8 4 5 32 6.77524582
Unordered sanr200_0.9 8 16 4 5 64 2.577004485
Unordered sanr200_0.9 8 16 4 5 64 3.35407894
Unordered sanr200_0.9 8 16 4 5 64 3.393934698
Unordered sanr200_0.9 8 16 4 5 64 3.428401408
Unordered sanr200_0.9 8 16 4 5 64 3.560369099
Unordered sanr200_0.9 8 16 4 5 64 3.636619511
Unordered sanr200_0.9 8 16 4 5 64 3.678957518
Unordered sanr200_0.9 8 16 4 5 64 4.023020949
Unordered sanr200_0.9 8 16 4 5 64 4.088099904
Unordered sanr200_0.9 8 16 4 5 64 4.328896481
Unordered sanr200_0.9 16 32 4 5 128 2.041597692
Unordered sanr200_0.9 16 32 4 5 128 2.364793925
Unordered sanr200_0.9 16 32 4 5 128 2.485202039
Unordered sanr200_0.9 16 32 4 5 128 2.536073603
Unordered sanr200_0.9 16 32 4 5 128 2.580289973
Unordered sanr200_0.9 16 32 4 5 128 2.601259794
Unordered sanr200_0.9 16 32 4 5 128 2.73743732
Unordered sanr200_0.9 16 32 4 5 128 2.739442599
Unordered sanr200_0.9 16 32 4 5 128 2.74108771
Unordered sanr200_0.9 16 32 4 5 128 2.937018882
Unordered sanr200_0.9 17 50 4 5 200 2.065147248
Unordered sanr200_0.9 17 50 4 5 200 2.308610478
Unordered sanr200_0.9 17 50 4 5 200 2.342676721
Unordered sanr200_0.9 17 50 4 5 200 2.402198415
Unordered sanr200_0.9 17 50 4 5 200 2.489839186
Unordered sanr200_0.9 17 50 4 5 200 2.49200124
Unordered sanr200_0.9 17 50 4 5 200 2.581556774
Unordered sanr200_0.9 17 50 4 5 200 2.583483722
Unordered sanr200_0.9 17 50 4 5 200 2.65789028
Unordered sanr200_0.9 17 50 4 5 200 2.724754926
Unordered sanr400_0.7 1 1 2 3 2 146.762046228
Unordered sanr400_0.7 1 1 2 3 2 150.64833751
Unordered sanr400_0.7 1 1 2 3 2 151.174860257
Unordered sanr400_0.7 1 1 2 3 2 157.003470606
Unordered sanr400_0.7 1 1 2 3 2 157.110092252
Unordered sanr400_0.7 1 1 2 3 2 159.215467184
Unordered sanr400_0.7 1 1 2 3 2 160.433563378
Unordered sanr400_0.7 1 1 2 3 2 161.820607369
Unordered sanr400_0.7 1 1 2 3 2 162.597879905
Unordered sanr400_0.7 1 1 2 3 2 164.146834956
Unordered sanr400_0.7 1 1 4 5 4 80.67927485
Unordered sanr400_0.7 1 1 4 5 4 82.624331443
Unordered sanr400_0.7 1 1 4 5 4 84.088982039
Unordered sanr400_0.7 1 1 4 5 4 84.984526152
Unordered sanr400_0.7 1 1 4 5 4 87.801056796
Unordered sanr400_0.7 1 1 4 5 4 88.14946042
Unordered sanr400_0.7 1 1 4 5 4 88.510648752
Unordered sanr400_0.7 1 1 4 5 4 88.77154538
Unordered sanr400_0.7 1 1 4 5 4 89.652938831
Unordered sanr400_0.7 1 1 4 5 4 89.806690999
Unordered sanr400_0.7 1 1 1 2 1 293.46847963
Unordered sanr400_0.7 1 1 1 2 1 298.926054434
Unordered sanr400_0.7 1 1 1 2 1 303.204648928
Unordered sanr400_0.7 1 1 1 2 1 303.247537001
Unordered sanr400_0.7 1 1 1 2 1 303.725048349
Unordered sanr400_0.7 1 1 1 2 1 310.588618372
Unordered sanr400_0.7 1 1 1 2 1 311.263967648
Unordered sanr400_0.7 1 1 1 2 1 312.120591273
Unordered sanr400_0.7 1 1 1 2 1 313.35386855
Unordered sanr400_0.7 1 1 1 2 1 313.649750517
Unordered sanr400_0.7 2 2 4 5 8 42.940995837
Unordered sanr400_0.7 2 2 4 5 8 43.319722401
Unordered sanr400_0.7 2 2 4 5 8 43.334560284
Unordered sanr400_0.7 2 2 4 5 8 43.486976466
Unordered sanr400_0.7 2 2 4 5 8 43.550093958
Unordered sanr400_0.7 2 2 4 5 8 43.862443798
Unordered sanr400_0.7 2 2 4 5 8 44.194812896
Unordered sanr400_0.7 2 2 4 5 8 45.016686158
Unordered sanr400_0.7 2 2 4 5 8 46.291676911
Unordered sanr400_0.7 2 2 4 5 8 46.387367493
Unordered sanr400_0.7 4 8 4 5 32 12.396865817
Unordered sanr400_0.7 4 8 4 5 32 12.72825301
Unordered sanr400_0.7 4 8 4 5 32 12.94656503
Unordered sanr400_0.7 4 8 4 5 32 13.049442398
Unordered sanr400_0.7 4 8 4 5 32 13.350589099
Unordered sanr400_0.7 4 8 4 5 32 13.440782459
Unordered sanr400_0.7 4 8 4 5 32 13.459122727
Unordered sanr400_0.7 4 8 4 5 32 13.584918649
Unordered sanr400_0.7 4 8 4 5 32 13.59903126
Unordered sanr400_0.7 4 8 4 5 32 14.003138556
Unordered sanr400_0.7 8 16 4 5 64 6.756466471
Unordered sanr400_0.7 8 16 4 5 64 7.133841814
Unordered sanr400_0.7 8 16 4 5 64 7.346184049
Unordered sanr400_0.7 8 16 4 5 64 7.358845775
Unordered sanr400_0.7 8 16 4 5 64 7.388760623
Unordered sanr400_0.7 8 16 4 5 64 7.490807923
Unordered sanr400_0.7 8 16 4 5 64 7.532787299
Unordered sanr400_0.7 8 16 4 5 64 7.536580473
Unordered sanr400_0.7 8 16 4 5 64 7.565430543
Unordered sanr400_0.7 8 16 4 5 64 7.988264489
Unordered sanr400_0.7 16 32 4 5 128 4.110978315
Unordered sanr400_0.7 16 32 4 5 128 4.351846907
Unordered sanr400_0.7 16 32 4 5 128 4.370780949
Unordered sanr400_0.7 16 32 4 5 128 4.412175672
Unordered sanr400_0.7 16 32 4 5 128 4.501979842
Unordered sanr400_0.7 16 32 4 5 128 4.563573281
Unordered sanr400_0.7 16 32 4 5 128 4.567670419
Unordered sanr400_0.7 16 32 4 5 128 4.624736883
Unordered sanr400_0.7 16 32 4 5 128 4.646074453
Unordered sanr400_0.7 16 32 4 5 128 4.962262469
Unordered sanr400_0.7 17 50 4 5 200 3.799603196
Unordered sanr400_0.7 17 50 4 5 200 3.81721774
Unordered sanr400_0.7 17 50 4 5 200 3.858549447
Unordered sanr400_0.7 17 50 4 5 200 3.941857737
Unordered sanr400_0.7 17 50 4 5 200 3.998407387
Unordered sanr400_0.7 17 50 4 5 200 4.064849678
Unordered sanr400_0.7 17 50 4 5 200 4.078189753
Unordered sanr400_0.7 17 50 4 5 200 4.216507584
Unordered sanr400_0.7 17 50 4 5 200 4.299132039
Unordered sanr400_0.7 17 50 4 5 200 4.553657759
