variant benchmark hosts processes schedulers cores workers runtime
Ordered burma14 1 1 1 2 1 0.172910148
Ordered burma14 1 1 1 2 1 0.174106667
Ordered burma14 1 1 1 2 1 0.174468536
Ordered burma14 1 1 1 2 1 0.174868308
Ordered burma14 1 1 1 2 1 0.17669226
Ordered burma14 1 1 1 2 1 0.178658918
Ordered burma14 1 1 1 2 1 0.179160339
Ordered burma14 1 1 1 2 1 0.179610191
Ordered burma14 1 1 1 2 1 0.179831082
Ordered burma14 1 1 2 3 2 0.106414877
Ordered burma14 1 1 2 3 2 0.109467485
Ordered burma14 1 1 2 3 2 0.109545841
Ordered burma14 1 1 2 3 2 0.110230192
Ordered burma14 1 1 2 3 2 0.11098084
Ordered burma14 1 1 2 3 2 0.111474406
Ordered burma14 1 1 2 3 2 0.111723743
Ordered burma14 1 1 2 3 2 0.114570873
Ordered burma14 1 1 2 3 2 0.126940726
Ordered burma14 1 1 2 3 2 0.127105869
Ordered burma14 1 1 4 5 4 7.6995781e-2
Ordered burma14 1 1 4 5 4 7.7406991e-2
Ordered burma14 1 1 4 5 4 7.8465642e-2
Ordered burma14 1 1 4 5 4 7.850683e-2
Ordered burma14 1 1 4 5 4 8.1120574e-2
Ordered burma14 1 1 4 5 4 8.1352535e-2
Ordered burma14 1 1 4 5 4 8.6463356e-2
Ordered burma14 1 1 4 5 4 8.7042159e-2
Ordered burma14 1 1 4 5 4 8.8663046e-2
Ordered burma14 1 1 4 5 4 9.1415334e-2
Ordered burma14 2 2 4 5 8 0.46866993
Ordered burma14 2 2 4 5 8 6.7959313e-2
Ordered burma14 2 2 4 5 8 7.2196635e-2
Ordered burma14 2 2 4 5 8 8.0216215e-2
Ordered burma14 2 2 4 5 8 8.0667212e-2
Ordered burma14 2 2 4 5 8 8.0745616e-2
Ordered burma14 2 2 4 5 8 8.1431867e-2
Ordered burma14 2 2 4 5 8 8.1948414e-2
Ordered burma14 2 2 4 5 8 8.3150783e-2
Ordered burma14 2 2 4 5 8 8.7958694e-2
Ordered burma14 4 8 4 5 32 0.476680163
Ordered burma14 4 8 4 5 32 0.479714122
Ordered burma14 4 8 4 5 32 7.9911796e-2
Ordered burma14 4 8 4 5 32 8.2931289e-2
Ordered burma14 4 8 4 5 32 8.3806537e-2
Ordered burma14 4 8 4 5 32 8.392396e-2
Ordered burma14 4 8 4 5 32 8.772582e-2
Ordered burma14 4 8 4 5 32 9.0008565e-2
Ordered burma14 4 8 4 5 32 9.588193e-2
Ordered burma14 4 8 4 5 32 9.8775076e-2
Ordered burma14 8 16 4 5 64 0.100221788
Ordered burma14 8 16 4 5 64 0.100592685
Ordered burma14 8 16 4 5 64 0.10538732
Ordered burma14 8 16 4 5 64 0.106205277
Ordered burma14 8 16 4 5 64 0.108565006
Ordered burma14 8 16 4 5 64 0.141583929
Ordered burma14 8 16 4 5 64 0.493349672
Ordered burma14 8 16 4 5 64 0.496957324
Ordered burma14 8 16 4 5 64 0.509326961
Ordered burma14 8 16 4 5 64 9.1309909e-2
Ordered burma14 16 32 4 5 128 0.102884585
Ordered burma14 16 32 4 5 128 0.111194409
Ordered burma14 16 32 4 5 128 0.11329342
Ordered burma14 16 32 4 5 128 0.114742383
Ordered burma14 16 32 4 5 128 0.120934268
Ordered burma14 16 32 4 5 128 0.123059821
Ordered burma14 16 32 4 5 128 0.124633049
Ordered burma14 16 32 4 5 128 0.530977384
Ordered burma14 16 32 4 5 128 0.53293887
Ordered burma14 16 32 4 5 128 0.83505589
Ordered burma14 17 50 4 5 200 0.103608657
Ordered burma14 17 50 4 5 200 0.103675388
Ordered burma14 17 50 4 5 200 0.105786692
Ordered burma14 17 50 4 5 200 0.106062706
Ordered burma14 17 50 4 5 200 0.113564999
Ordered burma14 17 50 4 5 200 0.123187123
Ordered burma14 17 50 4 5 200 0.135053922
Ordered burma14 17 50 4 5 200 0.175146343
Ordered burma14 17 50 4 5 200 0.204693929
Ordered burma14 17 50 4 5 200 0.247159344
Ordered rand_34_22137 1 1 1 2 1 2428.971021773
Ordered rand_34_22137 1 1 1 2 1 2436.18373572
Ordered rand_34_22137 1 1 1 2 1 2440.020446634
Ordered rand_34_22137 1 1 1 2 1 2486.673332146
Ordered rand_34_22137 1 1 1 2 1 2493.546994843
Ordered rand_34_22137 1 1 1 2 1 2513.43977031
Ordered rand_34_22137 1 1 1 2 1 2524.478832294
Ordered rand_34_22137 1 1 1 2 1 2554.193313251
Ordered rand_34_22137 1 1 1 2 1 2570.761748933
Ordered rand_34_22137 1 1 1 2 1 2574.021771404
Ordered rand_34_22137 1 1 2 3 2 1907.567327171
Ordered rand_34_22137 1 1 2 3 2 1909.518363674
Ordered rand_34_22137 1 1 2 3 2 1910.061462586
Ordered rand_34_22137 1 1 2 3 2 1911.489866757
Ordered rand_34_22137 1 1 2 3 2 1927.475258626
Ordered rand_34_22137 1 1 2 3 2 1965.378854173
Ordered rand_34_22137 1 1 2 3 2 1972.780770172
Ordered rand_34_22137 1 1 2 3 2 1979.259808336
Ordered rand_34_22137 1 1 2 3 2 1980.875005101
Ordered rand_34_22137 1 1 2 3 2 1981.785812646
Ordered rand_34_22137 1 1 4 5 4 1119.230833102
Ordered rand_34_22137 1 1 4 5 4 1120.926274728
Ordered rand_34_22137 1 1 4 5 4 1123.407812785
Ordered rand_34_22137 1 1 4 5 4 1126.531426262
Ordered rand_34_22137 1 1 4 5 4 1128.606513658
Ordered rand_34_22137 1 1 4 5 4 1129.810790783
Ordered rand_34_22137 1 1 4 5 4 1138.23458415
Ordered rand_34_22137 1 1 4 5 4 1140.308953294
Ordered rand_34_22137 1 1 4 5 4 1141.987296773
Ordered rand_34_22137 1 1 4 5 4 1142.336853556
Ordered rand_34_22137 2 2 4 5 8 529.875742678
Ordered rand_34_22137 2 2 4 5 8 534.924105859
Ordered rand_34_22137 2 2 4 5 8 537.570093156
Ordered rand_34_22137 2 2 4 5 8 541.154374394
Ordered rand_34_22137 2 2 4 5 8 541.161080176
Ordered rand_34_22137 2 2 4 5 8 543.972792301
Ordered rand_34_22137 2 2 4 5 8 544.502830968
Ordered rand_34_22137 2 2 4 5 8 545.890149471
Ordered rand_34_22137 2 2 4 5 8 546.566958256
Ordered rand_34_22137 2 2 4 5 8 547.99862239
Ordered rand_34_22137 4 8 4 5 32 191.763004956
Ordered rand_34_22137 4 8 4 5 32 192.043268482
Ordered rand_34_22137 4 8 4 5 32 194.143601416
Ordered rand_34_22137 4 8 4 5 32 197.125674437
Ordered rand_34_22137 4 8 4 5 32 197.851307433
Ordered rand_34_22137 4 8 4 5 32 198.190906875
Ordered rand_34_22137 4 8 4 5 32 202.719337625
Ordered rand_34_22137 4 8 4 5 32 206.850482331
Ordered rand_34_22137 4 8 4 5 32 207.329289805
Ordered rand_34_22137 4 8 4 5 32 443.9679175
Ordered rand_34_22137 8 16 4 5 64 134.386990648
Ordered rand_34_22137 8 16 4 5 64 134.686274883
Ordered rand_34_22137 8 16 4 5 64 135.768156434
Ordered rand_34_22137 8 16 4 5 64 138.989390448
Ordered rand_34_22137 8 16 4 5 64 139.453096616
Ordered rand_34_22137 8 16 4 5 64 140.000436256
Ordered rand_34_22137 8 16 4 5 64 142.90016698
Ordered rand_34_22137 8 16 4 5 64 144.54215415
Ordered rand_34_22137 8 16 4 5 64 148.124962968
Ordered rand_34_22137 8 16 4 5 64 538.721253316
Ordered rand_34_22137 16 32 4 5 128 106.037374216
Ordered rand_34_22137 16 32 4 5 128 107.18808449
Ordered rand_34_22137 16 32 4 5 128 107.873782766
Ordered rand_34_22137 16 32 4 5 128 108.863019245
Ordered rand_34_22137 16 32 4 5 128 109.632292906
Ordered rand_34_22137 16 32 4 5 128 110.007779646
Ordered rand_34_22137 16 32 4 5 128 110.522631447
Ordered rand_34_22137 16 32 4 5 128 110.55414623
Ordered rand_34_22137 16 32 4 5 128 111.425456676
Ordered rand_34_22137 16 32 4 5 128 706.611206127
Ordered rand_34_22137 17 50 4 5 200 100.629927242
Ordered rand_34_22137 17 50 4 5 200 697.23067352
Ordered rand_34_22137 17 50 4 5 200 92.156107381
Ordered rand_34_22137 17 50 4 5 200 93.985838429
Ordered rand_34_22137 17 50 4 5 200 95.226787888
Ordered rand_34_22137 17 50 4 5 200 95.434738841
Ordered rand_34_22137 17 50 4 5 200 95.438691977
Ordered rand_34_22137 17 50 4 5 200 97.27188648
Ordered rand_34_22137 17 50 4 5 200 98.733060814
Ordered rand_34_22137 17 50 4 5 200 99.465470086
Ordered rand_35_52156 1 1 1 2 1 3207.157143954
Ordered rand_35_52156 1 1 1 2 1 3212.787756397
Ordered rand_35_52156 1 1 1 2 1 3221.37563511
Ordered rand_35_52156 1 1 1 2 1 3232.927379852
Ordered rand_35_52156 1 1 1 2 1 3271.245513517
Ordered rand_35_52156 1 1 1 2 1 3278.36047764
Ordered rand_35_52156 1 1 1 2 1 3361.18180808
Ordered rand_35_52156 1 1 1 2 1 3402.647500779
Ordered rand_35_52156 1 1 1 2 1 3402.72129219
Ordered rand_35_52156 1 1 1 2 1 3460.342882384
Ordered rand_35_52156 1 1 2 3 2 2035.447295412
Ordered rand_35_52156 1 1 2 3 2 2044.297597641
Ordered rand_35_52156 1 1 2 3 2 2079.663976026
Ordered rand_35_52156 1 1 2 3 2 2089.609702917
Ordered rand_35_52156 1 1 2 3 2 2093.786272324
Ordered rand_35_52156 1 1 2 3 2 2097.52040028
Ordered rand_35_52156 1 1 2 3 2 2107.253388061
Ordered rand_35_52156 1 1 2 3 2 2110.655078153
Ordered rand_35_52156 1 1 2 3 2 2112.203714453
Ordered rand_35_52156 1 1 2 3 2 2129.598847283
Ordered rand_35_52156 1 1 4 5 4 854.715975883
Ordered rand_35_52156 1 1 4 5 4 858.445698132
Ordered rand_35_52156 1 1 4 5 4 859.785179456
Ordered rand_35_52156 1 1 4 5 4 865.632291306
Ordered rand_35_52156 1 1 4 5 4 866.817940434
Ordered rand_35_52156 1 1 4 5 4 868.962894758
Ordered rand_35_52156 1 1 4 5 4 871.357907417
Ordered rand_35_52156 1 1 4 5 4 872.768081419
Ordered rand_35_52156 1 1 4 5 4 874.59962835
Ordered rand_35_52156 1 1 4 5 4 878.543632037
Ordered rand_35_52156 2 2 4 5 8 393.491177825
Ordered rand_35_52156 2 2 4 5 8 395.135711281
Ordered rand_35_52156 2 2 4 5 8 396.108881632
Ordered rand_35_52156 2 2 4 5 8 397.82598776
Ordered rand_35_52156 2 2 4 5 8 397.826900011
Ordered rand_35_52156 2 2 4 5 8 400.536317776
Ordered rand_35_52156 2 2 4 5 8 403.86133523
Ordered rand_35_52156 2 2 4 5 8 411.986570116
Ordered rand_35_52156 2 2 4 5 8 412.487825258
Ordered rand_35_52156 2 2 4 5 8 415.060207775
Ordered rand_35_52156 4 8 4 5 32 137.862569639
Ordered rand_35_52156 4 8 4 5 32 139.986174868
Ordered rand_35_52156 4 8 4 5 32 144.63882935
Ordered rand_35_52156 4 8 4 5 32 144.694789506
Ordered rand_35_52156 4 8 4 5 32 148.098281929
Ordered rand_35_52156 4 8 4 5 32 149.038915089
Ordered rand_35_52156 4 8 4 5 32 150.300744651
Ordered rand_35_52156 4 8 4 5 32 151.118710416
Ordered rand_35_52156 4 8 4 5 32 154.591653567
Ordered rand_35_52156 4 8 4 5 32 161.459905309
Ordered rand_35_52156 8 16 4 5 64 125.791695903
Ordered rand_35_52156 8 16 4 5 64 84.546513008
Ordered rand_35_52156 8 16 4 5 64 85.220044063
Ordered rand_35_52156 8 16 4 5 64 86.279995941
Ordered rand_35_52156 8 16 4 5 64 88.231057948
Ordered rand_35_52156 8 16 4 5 64 89.245642988
Ordered rand_35_52156 8 16 4 5 64 89.633808769
Ordered rand_35_52156 8 16 4 5 64 90.117542981
Ordered rand_35_52156 8 16 4 5 64 91.590922185
Ordered rand_35_52156 8 16 4 5 64 92.623819428
Ordered rand_35_52156 16 32 4 5 128 131.051636958
Ordered rand_35_52156 16 32 4 5 128 54.943829231
Ordered rand_35_52156 16 32 4 5 128 55.050612691
Ordered rand_35_52156 16 32 4 5 128 55.394610389
Ordered rand_35_52156 16 32 4 5 128 55.651508647
Ordered rand_35_52156 16 32 4 5 128 56.017224603
Ordered rand_35_52156 16 32 4 5 128 56.526865941
Ordered rand_35_52156 16 32 4 5 128 58.795271881
Ordered rand_35_52156 16 32 4 5 128 61.281291976
Ordered rand_35_52156 16 32 4 5 128 63.616895027
Ordered rand_35_52156 17 50 4 5 200 133.419659225
Ordered rand_35_52156 17 50 4 5 200 48.485433864
Ordered rand_35_52156 17 50 4 5 200 48.615824193
Ordered rand_35_52156 17 50 4 5 200 48.853172914
Ordered rand_35_52156 17 50 4 5 200 49.821137662
Ordered rand_35_52156 17 50 4 5 200 50.263846593
Ordered rand_35_52156 17 50 4 5 200 50.975041426
Ordered rand_35_52156 17 50 4 5 200 51.419509623
Ordered rand_35_52156 17 50 4 5 200 53.902358885
Ordered rand_35_52156 17 50 4 5 200 56.892106022
Ordered rand_36_62563 1 1 1 2 1 2035.15536112
Ordered rand_36_62563 1 1 1 2 1 2039.104159095
Ordered rand_36_62563 1 1 1 2 1 2041.351215716
Ordered rand_36_62563 1 1 1 2 1 2044.436774959
Ordered rand_36_62563 1 1 1 2 1 2080.943931241
Ordered rand_36_62563 1 1 1 2 1 2149.164791437
Ordered rand_36_62563 1 1 1 2 1 2159.949583421
Ordered rand_36_62563 1 1 1 2 1 2175.507307732
Ordered rand_36_62563 1 1 1 2 1 2179.381490971
Ordered rand_36_62563 1 1 1 2 1 2189.273386725
Ordered rand_36_62563 1 1 2 3 2 1025.331904583
Ordered rand_36_62563 1 1 2 3 2 1030.30795233
Ordered rand_36_62563 1 1 2 3 2 1039.12037261
Ordered rand_36_62563 1 1 2 3 2 1047.050424964
Ordered rand_36_62563 1 1 2 3 2 1048.674270973
Ordered rand_36_62563 1 1 2 3 2 1048.74390747
Ordered rand_36_62563 1 1 2 3 2 1050.568001295
Ordered rand_36_62563 1 1 2 3 2 1050.568086846
Ordered rand_36_62563 1 1 2 3 2 1054.886509203
Ordered rand_36_62563 1 1 2 3 2 1055.506104043
Ordered rand_36_62563 1 1 4 5 4 522.430130001
Ordered rand_36_62563 1 1 4 5 4 523.351524291
Ordered rand_36_62563 1 1 4 5 4 529.17628818
Ordered rand_36_62563 1 1 4 5 4 530.803668126
Ordered rand_36_62563 1 1 4 5 4 531.026326117
Ordered rand_36_62563 1 1 4 5 4 531.220562901
Ordered rand_36_62563 1 1 4 5 4 531.704592979
Ordered rand_36_62563 1 1 4 5 4 533.638827615
Ordered rand_36_62563 1 1 4 5 4 534.264399076
Ordered rand_36_62563 1 1 4 5 4 534.949934443
Ordered rand_36_62563 2 2 4 5 8 360.213173361
Ordered rand_36_62563 2 2 4 5 8 363.569422782
Ordered rand_36_62563 2 2 4 5 8 364.771797846
Ordered rand_36_62563 2 2 4 5 8 364.950474257
Ordered rand_36_62563 2 2 4 5 8 365.34457216
Ordered rand_36_62563 2 2 4 5 8 374.476164712
Ordered rand_36_62563 2 2 4 5 8 375.747570635
Ordered rand_36_62563 2 2 4 5 8 421.033172508
Ordered rand_36_62563 2 2 4 5 8 421.28841738
Ordered rand_36_62563 2 2 4 5 8 422.623700129
Ordered rand_36_62563 4 8 4 5 32 197.98783539
Ordered rand_36_62563 4 8 4 5 32 199.1248367
Ordered rand_36_62563 4 8 4 5 32 208.18643614
Ordered rand_36_62563 4 8 4 5 32 214.004955465
Ordered rand_36_62563 4 8 4 5 32 215.182240165
Ordered rand_36_62563 4 8 4 5 32 216.859364702
Ordered rand_36_62563 4 8 4 5 32 218.176264361
Ordered rand_36_62563 4 8 4 5 32 220.755990687
Ordered rand_36_62563 4 8 4 5 32 223.066183214
Ordered rand_36_62563 4 8 4 5 32 228.874709394
Ordered rand_36_62563 8 16 4 5 64 158.312180618
Ordered rand_36_62563 8 16 4 5 64 158.344663995
Ordered rand_36_62563 8 16 4 5 64 158.921588828
Ordered rand_36_62563 8 16 4 5 64 159.460955193
Ordered rand_36_62563 8 16 4 5 64 159.559372315
Ordered rand_36_62563 8 16 4 5 64 160.528404575
Ordered rand_36_62563 8 16 4 5 64 165.607444052
Ordered rand_36_62563 8 16 4 5 64 165.644612552
Ordered rand_36_62563 8 16 4 5 64 168.666866433
Ordered rand_36_62563 8 16 4 5 64 188.98350824
Ordered rand_36_62563 16 32 4 5 128 134.133623765
Ordered rand_36_62563 16 32 4 5 128 134.697763837
Ordered rand_36_62563 16 32 4 5 128 135.404094086
Ordered rand_36_62563 16 32 4 5 128 135.536660089
Ordered rand_36_62563 16 32 4 5 128 135.593629358
Ordered rand_36_62563 16 32 4 5 128 136.103939583
Ordered rand_36_62563 16 32 4 5 128 138.224847842
Ordered rand_36_62563 16 32 4 5 128 140.953171567
Ordered rand_36_62563 16 32 4 5 128 141.599682309
Ordered rand_36_62563 16 32 4 5 128 185.000705659
Ordered rand_36_62563 17 50 4 5 200 134.051683319
Ordered rand_36_62563 17 50 4 5 200 134.437596686
Ordered rand_36_62563 17 50 4 5 200 135.758129925
Ordered rand_36_62563 17 50 4 5 200 136.694392285
Ordered rand_36_62563 17 50 4 5 200 136.912390834
Ordered rand_36_62563 17 50 4 5 200 136.96495207
Ordered rand_36_62563 17 50 4 5 200 136.984761661
Ordered rand_36_62563 17 50 4 5 200 138.523049277
Ordered rand_36_62563 17 50 4 5 200 140.670594712
Ordered rand_36_62563 17 50 4 5 200 175.679695292
Ordered rand_37_6160 1 1 1 2 1 1659.204703839
Ordered rand_37_6160 1 1 1 2 1 1660.601309901
Ordered rand_37_6160 1 1 1 2 1 1665.592367554
Ordered rand_37_6160 1 1 1 2 1 1666.94686357
Ordered rand_37_6160 1 1 1 2 1 1687.929840722
Ordered rand_37_6160 1 1 1 2 1 1689.903152596
Ordered rand_37_6160 1 1 1 2 1 1697.155246505
Ordered rand_37_6160 1 1 1 2 1 1733.258653699
Ordered rand_37_6160 1 1 1 2 1 1735.121446802
Ordered rand_37_6160 1 1 1 2 1 1775.46008138
Ordered rand_37_6160 1 1 2 3 2 1089.875340919
Ordered rand_37_6160 1 1 2 3 2 1090.968264587
Ordered rand_37_6160 1 1 2 3 2 1098.225811632
Ordered rand_37_6160 1 1 2 3 2 1098.558502585
Ordered rand_37_6160 1 1 2 3 2 1105.841880444
Ordered rand_37_6160 1 1 2 3 2 1118.60508351
Ordered rand_37_6160 1 1 2 3 2 1124.496746742
Ordered rand_37_6160 1 1 2 3 2 1134.882744736
Ordered rand_37_6160 1 1 2 3 2 1135.345450635
Ordered rand_37_6160 1 1 2 3 2 1143.106347705
Ordered rand_37_6160 1 1 4 5 4 745.818244407
Ordered rand_37_6160 1 1 4 5 4 745.867195273
Ordered rand_37_6160 1 1 4 5 4 745.886496633
Ordered rand_37_6160 1 1 4 5 4 745.999299573
Ordered rand_37_6160 1 1 4 5 4 746.363967788
Ordered rand_37_6160 1 1 4 5 4 750.715087037
Ordered rand_37_6160 1 1 4 5 4 750.883067457
Ordered rand_37_6160 1 1 4 5 4 754.363112626
Ordered rand_37_6160 1 1 4 5 4 758.718702414
Ordered rand_37_6160 1 1 4 5 4 765.389406283
Ordered rand_37_6160 2 2 4 5 8 394.28985196
Ordered rand_37_6160 2 2 4 5 8 394.842028335
Ordered rand_37_6160 2 2 4 5 8 395.505368806
Ordered rand_37_6160 2 2 4 5 8 396.084929006
Ordered rand_37_6160 2 2 4 5 8 396.409688622
Ordered rand_37_6160 2 2 4 5 8 397.468930634
Ordered rand_37_6160 2 2 4 5 8 397.925852956
Ordered rand_37_6160 2 2 4 5 8 398.609804723
Ordered rand_37_6160 2 2 4 5 8 401.167058962
Ordered rand_37_6160 2 2 4 5 8 404.318017436
Ordered rand_37_6160 4 8 4 5 32 226.268358574
Ordered rand_37_6160 4 8 4 5 32 226.655463378
Ordered rand_37_6160 4 8 4 5 32 227.889275782
Ordered rand_37_6160 4 8 4 5 32 229.29572717
Ordered rand_37_6160 4 8 4 5 32 231.119819345
Ordered rand_37_6160 4 8 4 5 32 231.681390222
Ordered rand_37_6160 4 8 4 5 32 233.444992591
Ordered rand_37_6160 4 8 4 5 32 233.49184733
Ordered rand_37_6160 4 8 4 5 32 235.938256899
Ordered rand_37_6160 4 8 4 5 32 237.40134209
Ordered rand_37_6160 8 16 4 5 64 186.235639934
Ordered rand_37_6160 8 16 4 5 64 187.605596607
Ordered rand_37_6160 8 16 4 5 64 188.046014502
Ordered rand_37_6160 8 16 4 5 64 189.988891647
Ordered rand_37_6160 8 16 4 5 64 191.017031004
Ordered rand_37_6160 8 16 4 5 64 191.237636117
Ordered rand_37_6160 8 16 4 5 64 193.534443187
Ordered rand_37_6160 8 16 4 5 64 196.696700153
Ordered rand_37_6160 8 16 4 5 64 198.261356936
Ordered rand_37_6160 8 16 4 5 64 220.819854258
Ordered rand_37_6160 16 32 4 5 128 164.972708877
Ordered rand_37_6160 16 32 4 5 128 165.190665808
Ordered rand_37_6160 16 32 4 5 128 165.259807213
Ordered rand_37_6160 16 32 4 5 128 165.697583269
Ordered rand_37_6160 16 32 4 5 128 165.742578648
Ordered rand_37_6160 16 32 4 5 128 166.076434932
Ordered rand_37_6160 16 32 4 5 128 167.694663069
Ordered rand_37_6160 16 32 4 5 128 167.789394974
Ordered rand_37_6160 16 32 4 5 128 168.47934083
Ordered rand_37_6160 16 32 4 5 128 171.061756782
Ordered rand_37_6160 17 50 4 5 200 160.621596372
Ordered rand_37_6160 17 50 4 5 200 162.44950384
Ordered rand_37_6160 17 50 4 5 200 162.629784161
Ordered rand_37_6160 17 50 4 5 200 163.061754511
Ordered rand_37_6160 17 50 4 5 200 163.937750547
Ordered rand_37_6160 17 50 4 5 200 164.919212498
Ordered rand_37_6160 17 50 4 5 200 164.957274318
Ordered rand_37_6160 17 50 4 5 200 164.989215276
Ordered rand_37_6160 17 50 4 5 200 165.136150545
Ordered rand_37_6160 17 50 4 5 200 165.744720681
Ordered rand_38_37183 1 1 1 2 1 1337.619404734
Ordered rand_38_37183 1 1 1 2 1 1338.408781276
Ordered rand_38_37183 1 1 1 2 1 1344.117731723
Ordered rand_38_37183 1 1 1 2 1 1345.204344647
Ordered rand_38_37183 1 1 1 2 1 1352.971935788
Ordered rand_38_37183 1 1 1 2 1 1353.694600466
Ordered rand_38_37183 1 1 1 2 1 1359.565314598
Ordered rand_38_37183 1 1 1 2 1 1372.404016864
Ordered rand_38_37183 1 1 1 2 1 1393.982041936
Ordered rand_38_37183 1 1 1 2 1 1419.091789393
Ordered rand_38_37183 1 1 2 3 2 686.976030203
Ordered rand_38_37183 1 1 2 3 2 697.283484029
Ordered rand_38_37183 1 1 2 3 2 698.065869989
Ordered rand_38_37183 1 1 2 3 2 698.155394653
Ordered rand_38_37183 1 1 2 3 2 698.818155844
Ordered rand_38_37183 1 1 2 3 2 699.333143929
Ordered rand_38_37183 1 1 2 3 2 701.635049364
Ordered rand_38_37183 1 1 2 3 2 701.846347802
Ordered rand_38_37183 1 1 2 3 2 702.407274393
Ordered rand_38_37183 1 1 2 3 2 702.938459824
Ordered rand_38_37183 1 1 4 5 4 442.469467922
Ordered rand_38_37183 1 1 4 5 4 443.868902957
Ordered rand_38_37183 1 1 4 5 4 443.93329457
Ordered rand_38_37183 1 1 4 5 4 444.923112969
Ordered rand_38_37183 1 1 4 5 4 445.031695102
Ordered rand_38_37183 1 1 4 5 4 445.346003736
Ordered rand_38_37183 1 1 4 5 4 446.560842903
Ordered rand_38_37183 1 1 4 5 4 449.465643477
Ordered rand_38_37183 1 1 4 5 4 449.568522494
Ordered rand_38_37183 1 1 4 5 4 451.131228215
Ordered rand_38_37183 2 2 4 5 8 242.342559964
Ordered rand_38_37183 2 2 4 5 8 268.793755885
Ordered rand_38_37183 2 2 4 5 8 281.3219161
Ordered rand_38_37183 2 2 4 5 8 281.798642925
Ordered rand_38_37183 2 2 4 5 8 283.392018623
Ordered rand_38_37183 2 2 4 5 8 283.995456986
Ordered rand_38_37183 2 2 4 5 8 284.019111635
Ordered rand_38_37183 2 2 4 5 8 289.680501384
Ordered rand_38_37183 2 2 4 5 8 290.979309152
Ordered rand_38_37183 2 2 4 5 8 293.379631587
Ordered rand_38_37183 4 8 4 5 32 107.873404562
Ordered rand_38_37183 4 8 4 5 32 108.431516022
Ordered rand_38_37183 4 8 4 5 32 108.516427022
Ordered rand_38_37183 4 8 4 5 32 108.612249525
Ordered rand_38_37183 4 8 4 5 32 108.636348219
Ordered rand_38_37183 4 8 4 5 32 109.390672099
Ordered rand_38_37183 4 8 4 5 32 109.721427621
Ordered rand_38_37183 4 8 4 5 32 110.301201493
Ordered rand_38_37183 4 8 4 5 32 110.945644398
Ordered rand_38_37183 4 8 4 5 32 111.730835705
Ordered rand_38_37183 8 16 4 5 64 101.085588669
Ordered rand_38_37183 8 16 4 5 64 101.350071066
Ordered rand_38_37183 8 16 4 5 64 101.770228725
Ordered rand_38_37183 8 16 4 5 64 101.814524556
Ordered rand_38_37183 8 16 4 5 64 103.40290998
Ordered rand_38_37183 8 16 4 5 64 111.651859744
Ordered rand_38_37183 8 16 4 5 64 99.195733814
Ordered rand_38_37183 8 16 4 5 64 99.779008276
Ordered rand_38_37183 8 16 4 5 64 99.806445115
Ordered rand_38_37183 8 16 4 5 64 99.916454382
Ordered rand_38_37183 16 32 4 5 128 102.22997047
Ordered rand_38_37183 16 32 4 5 128 93.650082426
Ordered rand_38_37183 16 32 4 5 128 94.903892051
Ordered rand_38_37183 16 32 4 5 128 95.0787384
Ordered rand_38_37183 16 32 4 5 128 95.774450362
Ordered rand_38_37183 16 32 4 5 128 96.723342349
Ordered rand_38_37183 16 32 4 5 128 96.819061183
Ordered rand_38_37183 16 32 4 5 128 97.880422321
Ordered rand_38_37183 16 32 4 5 128 98.180327762
Ordered rand_38_37183 16 32 4 5 128 99.12676425
Ordered rand_38_37183 17 50 4 5 200 100.783065292
Ordered rand_38_37183 17 50 4 5 200 94.39768022
Ordered rand_38_37183 17 50 4 5 200 95.123824994
Ordered rand_38_37183 17 50 4 5 200 96.078165775
Ordered rand_38_37183 17 50 4 5 200 96.141883522
Ordered rand_38_37183 17 50 4 5 200 96.37281741
Ordered rand_38_37183 17 50 4 5 200 96.807631161
Ordered rand_38_37183 17 50 4 5 200 96.971438144
Ordered rand_38_37183 17 50 4 5 200 97.320022915
Ordered rand_38_37183 17 50 4 5 200 97.643282053
Ordered rand_39_50212 1 1 1 2 1 1978.004340523
Ordered rand_39_50212 1 1 1 2 1 1985.610893131
Ordered rand_39_50212 1 1 1 2 1 1993.600952861
Ordered rand_39_50212 1 1 1 2 1 2028.296342849
Ordered rand_39_50212 1 1 1 2 1 2033.378848682
Ordered rand_39_50212 1 1 1 2 1 2036.471062913
Ordered rand_39_50212 1 1 1 2 1 2041.084025493
Ordered rand_39_50212 1 1 1 2 1 2107.681153052
Ordered rand_39_50212 1 1 1 2 1 2109.914754846
Ordered rand_39_50212 1 1 1 2 1 2110.731554775
Ordered rand_39_50212 1 1 2 3 2 1466.368991063
Ordered rand_39_50212 1 1 2 3 2 1475.276834107
Ordered rand_39_50212 1 1 2 3 2 1486.830138169
Ordered rand_39_50212 1 1 2 3 2 1501.526348995
Ordered rand_39_50212 1 1 2 3 2 1505.717007008
Ordered rand_39_50212 1 1 2 3 2 1507.59610809
Ordered rand_39_50212 1 1 2 3 2 1509.792062646
Ordered rand_39_50212 1 1 2 3 2 1513.040456746
Ordered rand_39_50212 1 1 2 3 2 1518.586793932
Ordered rand_39_50212 1 1 2 3 2 1519.845702385
Ordered rand_39_50212 1 1 4 5 4 959.128244063
Ordered rand_39_50212 1 1 4 5 4 960.85267289
Ordered rand_39_50212 1 1 4 5 4 963.887622602
Ordered rand_39_50212 1 1 4 5 4 967.956297988
Ordered rand_39_50212 1 1 4 5 4 968.267298077
Ordered rand_39_50212 1 1 4 5 4 977.600793786
Ordered rand_39_50212 1 1 4 5 4 982.391948474
Ordered rand_39_50212 1 1 4 5 4 982.878224223
Ordered rand_39_50212 1 1 4 5 4 984.227949926
Ordered rand_39_50212 1 1 4 5 4 985.029119966
Ordered rand_39_50212 2 2 4 5 8 548.164071731
Ordered rand_39_50212 2 2 4 5 8 550.278568143
Ordered rand_39_50212 2 2 4 5 8 552.171234914
Ordered rand_39_50212 2 2 4 5 8 554.53486292
Ordered rand_39_50212 2 2 4 5 8 555.018808459
Ordered rand_39_50212 2 2 4 5 8 555.902557838
Ordered rand_39_50212 2 2 4 5 8 559.056017179
Ordered rand_39_50212 2 2 4 5 8 562.255903138
Ordered rand_39_50212 2 2 4 5 8 564.440006976
Ordered rand_39_50212 2 2 4 5 8 572.776874232
Ordered rand_39_50212 4 8 4 5 32 232.781802797
Ordered rand_39_50212 4 8 4 5 32 232.967499533
Ordered rand_39_50212 4 8 4 5 32 233.347429837
Ordered rand_39_50212 4 8 4 5 32 233.85750749
Ordered rand_39_50212 4 8 4 5 32 234.506827211
Ordered rand_39_50212 4 8 4 5 32 234.77560388
Ordered rand_39_50212 4 8 4 5 32 235.134497005
Ordered rand_39_50212 4 8 4 5 32 235.335147948
Ordered rand_39_50212 4 8 4 5 32 240.86093381
Ordered rand_39_50212 4 8 4 5 32 244.232126444
Ordered rand_39_50212 8 16 4 5 64 178.696388886
Ordered rand_39_50212 8 16 4 5 64 179.175426496
Ordered rand_39_50212 8 16 4 5 64 179.390872598
Ordered rand_39_50212 8 16 4 5 64 180.229446913
Ordered rand_39_50212 8 16 4 5 64 181.226259637
Ordered rand_39_50212 8 16 4 5 64 181.587913848
Ordered rand_39_50212 8 16 4 5 64 181.603831973
Ordered rand_39_50212 8 16 4 5 64 183.92987077
Ordered rand_39_50212 8 16 4 5 64 184.98151812
Ordered rand_39_50212 8 16 4 5 64 185.750764645
Ordered rand_39_50212 16 32 4 5 128 156.176204098
Ordered rand_39_50212 16 32 4 5 128 156.186742668
Ordered rand_39_50212 16 32 4 5 128 156.605934369
Ordered rand_39_50212 16 32 4 5 128 157.01067482
Ordered rand_39_50212 16 32 4 5 128 157.107776067
Ordered rand_39_50212 16 32 4 5 128 157.131262977
Ordered rand_39_50212 16 32 4 5 128 157.212288798
Ordered rand_39_50212 16 32 4 5 128 157.611095395
Ordered rand_39_50212 16 32 4 5 128 159.304861751
Ordered rand_39_50212 16 32 4 5 128 161.286896981
Ordered rand_39_50212 17 50 4 5 200 154.000606908
Ordered rand_39_50212 17 50 4 5 200 154.592829281
Ordered rand_39_50212 17 50 4 5 200 154.976339317
Ordered rand_39_50212 17 50 4 5 200 155.200572908
Ordered rand_39_50212 17 50 4 5 200 155.71648776
Ordered rand_39_50212 17 50 4 5 200 155.748045504
Ordered rand_39_50212 17 50 4 5 200 155.84179058
Ordered rand_39_50212 17 50 4 5 200 156.953000092
Ordered rand_39_50212 17 50 4 5 200 157.002778803
Ordered rand_39_50212 17 50 4 5 200 159.93099495
Ordered ulysses16 1 1 1 2 1 45.634680063
Ordered ulysses16 1 1 1 2 1 46.12105997
Ordered ulysses16 1 1 1 2 1 46.246725842
Ordered ulysses16 1 1 1 2 1 46.361860256
Ordered ulysses16 1 1 1 2 1 46.681542666
Ordered ulysses16 1 1 1 2 1 46.999536258
Ordered ulysses16 1 1 1 2 1 48.538584117
Ordered ulysses16 1 1 1 2 1 48.703507686
Ordered ulysses16 1 1 1 2 1 48.775400658
Ordered ulysses16 1 1 1 2 1 48.795314837
Ordered ulysses16 1 1 2 3 2 23.97453884
Ordered ulysses16 1 1 2 3 2 25.095982619
Ordered ulysses16 1 1 2 3 2 25.104101787
Ordered ulysses16 1 1 2 3 2 25.107193179
Ordered ulysses16 1 1 2 3 2 25.304657046
Ordered ulysses16 1 1 2 3 2 25.380059287
Ordered ulysses16 1 1 2 3 2 25.381301091
Ordered ulysses16 1 1 2 3 2 25.562191223
Ordered ulysses16 1 1 2 3 2 25.582147398
Ordered ulysses16 1 1 2 3 2 26.043088452
Ordered ulysses16 1 1 4 5 4 13.366335257
Ordered ulysses16 1 1 4 5 4 13.638990083
Ordered ulysses16 1 1 4 5 4 13.649228074
Ordered ulysses16 1 1 4 5 4 13.653311809
Ordered ulysses16 1 1 4 5 4 13.782157828
Ordered ulysses16 1 1 4 5 4 13.823443496
Ordered ulysses16 1 1 4 5 4 13.856387526
Ordered ulysses16 1 1 4 5 4 13.887106778
Ordered ulysses16 1 1 4 5 4 13.895741257
Ordered ulysses16 1 1 4 5 4 14.651166553
Ordered ulysses16 2 2 4 5 8 8.111966939
Ordered ulysses16 2 2 4 5 8 8.161705731
Ordered ulysses16 2 2 4 5 8 8.166989722
Ordered ulysses16 2 2 4 5 8 8.170332212
Ordered ulysses16 2 2 4 5 8 8.223975003
Ordered ulysses16 2 2 4 5 8 8.258185797
Ordered ulysses16 2 2 4 5 8 8.398161203
Ordered ulysses16 2 2 4 5 8 8.419468929
Ordered ulysses16 2 2 4 5 8 8.455639654
Ordered ulysses16 2 2 4 5 8 8.492557845
Ordered ulysses16 4 8 4 5 32 8.31187422
Ordered ulysses16 4 8 4 5 32 8.367904099
Ordered ulysses16 4 8 4 5 32 8.528307329
Ordered ulysses16 4 8 4 5 32 8.564371413
Ordered ulysses16 4 8 4 5 32 8.599801612
Ordered ulysses16 4 8 4 5 32 8.715112834
Ordered ulysses16 4 8 4 5 32 8.975675108
Ordered ulysses16 4 8 4 5 32 9.014625304
Ordered ulysses16 4 8 4 5 32 9.369914532
Ordered ulysses16 4 8 4 5 32 9.518021212
Ordered ulysses16 8 16 4 5 64 10.042150933
Ordered ulysses16 8 16 4 5 64 10.215756068
Ordered ulysses16 8 16 4 5 64 10.24501465
Ordered ulysses16 8 16 4 5 64 10.446909478
Ordered ulysses16 8 16 4 5 64 10.742361607
Ordered ulysses16 8 16 4 5 64 10.809203591
Ordered ulysses16 8 16 4 5 64 9.420387328
Ordered ulysses16 8 16 4 5 64 9.437204727
Ordered ulysses16 8 16 4 5 64 9.642312356
Ordered ulysses16 8 16 4 5 64 9.664837846
Ordered ulysses16 16 32 4 5 128 10.055499459
Ordered ulysses16 16 32 4 5 128 10.112082403
Ordered ulysses16 16 32 4 5 128 10.168163417
Ordered ulysses16 16 32 4 5 128 10.195515259
Ordered ulysses16 16 32 4 5 128 10.227449984
Ordered ulysses16 16 32 4 5 128 10.316266647
Ordered ulysses16 16 32 4 5 128 10.528604713
Ordered ulysses16 16 32 4 5 128 9.447921745
Ordered ulysses16 16 32 4 5 128 9.732704392
Ordered ulysses16 16 32 4 5 128 9.872890741
Ordered ulysses16 17 50 4 5 200 10.04411448
Ordered ulysses16 17 50 4 5 200 10.064666022
Ordered ulysses16 17 50 4 5 200 10.131158178
Ordered ulysses16 17 50 4 5 200 10.229937432
Ordered ulysses16 17 50 4 5 200 10.236384626
Ordered ulysses16 17 50 4 5 200 10.279020541
Ordered ulysses16 17 50 4 5 200 10.313387727
Ordered ulysses16 17 50 4 5 200 10.415016789
Ordered ulysses16 17 50 4 5 200 9.214797085
Ordered ulysses16 17 50 4 5 200 9.738921789
Ordered ulysses22 1 1 1 2 1 NA
Ordered ulysses22 1 1 1 2 1 NA
Ordered ulysses22 1 1 1 2 1 NA
Ordered ulysses22 1 1 1 2 1 NA
Ordered ulysses22 1 1 1 2 1 NA
Ordered ulysses22 1 1 1 2 1 NA
Ordered ulysses22 1 1 1 2 1 NA
Ordered ulysses22 1 1 1 2 1 NA
Ordered ulysses22 1 1 1 2 1 NA
Ordered ulysses22 1 1 1 2 1 NA
Ordered ulysses22 1 1 2 3 2 NA
Ordered ulysses22 1 1 2 3 2 NA
Ordered ulysses22 1 1 2 3 2 NA
Ordered ulysses22 1 1 2 3 2 NA
Ordered ulysses22 1 1 2 3 2 NA
Ordered ulysses22 1 1 2 3 2 NA
Ordered ulysses22 1 1 2 3 2 NA
Ordered ulysses22 1 1 2 3 2 NA
Ordered ulysses22 1 1 2 3 2 NA
Ordered ulysses22 1 1 2 3 2 NA
Ordered ulysses22 1 1 4 5 4 NA
Ordered ulysses22 1 1 4 5 4 NA
Ordered ulysses22 1 1 4 5 4 NA
Ordered ulysses22 1 1 4 5 4 NA
Ordered ulysses22 1 1 4 5 4 NA
Ordered ulysses22 1 1 4 5 4 NA
Ordered ulysses22 1 1 4 5 4 NA
Ordered ulysses22 1 1 4 5 4 NA
Ordered ulysses22 1 1 4 5 4 NA
Ordered ulysses22 1 1 4 5 4 NA
Ordered ulysses22 2 2 4 5 8 NA
Ordered ulysses22 2 2 4 5 8 NA
Ordered ulysses22 2 2 4 5 8 NA
Ordered ulysses22 2 2 4 5 8 NA
Ordered ulysses22 2 2 4 5 8 NA
Ordered ulysses22 2 2 4 5 8 NA
Ordered ulysses22 2 2 4 5 8 NA
Ordered ulysses22 2 2 4 5 8 NA
Ordered ulysses22 2 2 4 5 8 NA
Ordered ulysses22 2 2 4 5 8 NA
Ordered ulysses22 4 8 4 5 32 3013.047333816
Ordered ulysses22 4 8 4 5 32 3035.166905103
Ordered ulysses22 4 8 4 5 32 3047.623949405
Ordered ulysses22 4 8 4 5 32 3067.084857464
Ordered ulysses22 4 8 4 5 32 3081.530324562
Ordered ulysses22 4 8 4 5 32 3096.19685847
Ordered ulysses22 4 8 4 5 32 3097.18516812
Ordered ulysses22 4 8 4 5 32 3100.865044891
Ordered ulysses22 4 8 4 5 32 3108.380020973
Ordered ulysses22 4 8 4 5 32 3213.285647495
Ordered ulysses22 8 16 4 5 64 2567.257361894
Ordered ulysses22 8 16 4 5 64 2571.783163899
Ordered ulysses22 8 16 4 5 64 2584.468697425
Ordered ulysses22 8 16 4 5 64 2604.176061048
Ordered ulysses22 8 16 4 5 64 2622.912583692
Ordered ulysses22 8 16 4 5 64 2636.421736824
Ordered ulysses22 8 16 4 5 64 2660.999599955
Ordered ulysses22 8 16 4 5 64 2662.00040339
Ordered ulysses22 8 16 4 5 64 2680.90014917
Ordered ulysses22 8 16 4 5 64 2684.719478821
Ordered ulysses22 16 32 4 5 128 2436.491158768
Ordered ulysses22 16 32 4 5 128 2455.41171429
Ordered ulysses22 16 32 4 5 128 2458.877732325
Ordered ulysses22 16 32 4 5 128 2461.313778577
Ordered ulysses22 16 32 4 5 128 2465.739830246
Ordered ulysses22 16 32 4 5 128 2467.136293976
Ordered ulysses22 16 32 4 5 128 2486.341684517
Ordered ulysses22 16 32 4 5 128 2493.768242031
Ordered ulysses22 16 32 4 5 128 2500.173831605
Ordered ulysses22 16 32 4 5 128 2559.776771833
Ordered ulysses22 17 50 4 5 200 2494.622211226
Ordered ulysses22 17 50 4 5 200 2495.576396708
Ordered ulysses22 17 50 4 5 200 2495.637200814
Ordered ulysses22 17 50 4 5 200 2497.396918662
Ordered ulysses22 17 50 4 5 200 2501.841446857
Ordered ulysses22 17 50 4 5 200 2521.987619873
Ordered ulysses22 17 50 4 5 200 2526.074271451
Ordered ulysses22 17 50 4 5 200 2540.622368777
Ordered ulysses22 17 50 4 5 200 2582.743369592
Ordered ulysses22 17 50 4 5 200 2593.801259686
Unordered burma14 1 1 1 2 1 0.236550254
Unordered burma14 1 1 1 2 1 0.240795181
Unordered burma14 1 1 1 2 1 0.240849477
Unordered burma14 1 1 1 2 1 0.243026361
Unordered burma14 1 1 1 2 1 0.243298985
Unordered burma14 1 1 1 2 1 0.244276191
Unordered burma14 1 1 1 2 1 0.246526145
Unordered burma14 1 1 1 2 1 0.247135353
Unordered burma14 1 1 1 2 1 0.247832038
Unordered burma14 1 1 1 2 1 0.249788255
Unordered burma14 1 1 2 3 2 0.142344076
Unordered burma14 1 1 2 3 2 0.143848626
Unordered burma14 1 1 2 3 2 0.145581504
Unordered burma14 1 1 2 3 2 0.147953581
Unordered burma14 1 1 2 3 2 0.149292512
Unordered burma14 1 1 2 3 2 0.150805284
Unordered burma14 1 1 2 3 2 0.155339505
Unordered burma14 1 1 2 3 2 0.159747553
Unordered burma14 1 1 2 3 2 0.165212781
Unordered burma14 1 1 2 3 2 0.171826007
Unordered burma14 1 1 4 5 4 0.100769063
Unordered burma14 1 1 4 5 4 0.10634597
Unordered burma14 1 1 4 5 4 0.106944489
Unordered burma14 1 1 4 5 4 0.108578052
Unordered burma14 1 1 4 5 4 0.11800874
Unordered burma14 1 1 4 5 4 8.4617886e-2
Unordered burma14 1 1 4 5 4 9.1671894e-2
Unordered burma14 1 1 4 5 4 9.3227235e-2
Unordered burma14 1 1 4 5 4 9.7248192e-2
Unordered burma14 1 1 4 5 4 9.8208075e-2
Unordered burma14 2 2 4 5 8 0.101294429
Unordered burma14 2 2 4 5 8 0.101305653
Unordered burma14 2 2 4 5 8 0.10184172
Unordered burma14 2 2 4 5 8 0.102743168
Unordered burma14 2 2 4 5 8 0.492592543
Unordered burma14 2 2 4 5 8 0.495681493
Unordered burma14 2 2 4 5 8 8.2713786e-2
Unordered burma14 2 2 4 5 8 8.3830678e-2
Unordered burma14 2 2 4 5 8 8.532832e-2
Unordered burma14 2 2 4 5 8 9.9685759e-2
Unordered burma14 4 8 4 5 32 0.101400414
Unordered burma14 4 8 4 5 32 0.103495414
Unordered burma14 4 8 4 5 32 0.104249946
Unordered burma14 4 8 4 5 32 0.10495946
Unordered burma14 4 8 4 5 32 0.107828957
Unordered burma14 4 8 4 5 32 0.111582992
Unordered burma14 4 8 4 5 32 0.11361322
Unordered burma14 4 8 4 5 32 0.116938121
Unordered burma14 4 8 4 5 32 0.12386906
Unordered burma14 4 8 4 5 32 9.303067e-2
Unordered burma14 8 16 4 5 64 0.10747731
Unordered burma14 8 16 4 5 64 0.113301247
Unordered burma14 8 16 4 5 64 0.121974114
Unordered burma14 8 16 4 5 64 0.122453376
Unordered burma14 8 16 4 5 64 0.122986703
Unordered burma14 8 16 4 5 64 0.126079779
Unordered burma14 8 16 4 5 64 0.127673651
Unordered burma14 8 16 4 5 64 0.148716144
Unordered burma14 8 16 4 5 64 0.513130749
Unordered burma14 8 16 4 5 64 0.518126495
Unordered burma14 16 32 4 5 128 0.116968696
Unordered burma14 16 32 4 5 128 0.119039012
Unordered burma14 16 32 4 5 128 0.126177001
Unordered burma14 16 32 4 5 128 0.130865313
Unordered burma14 16 32 4 5 128 0.132912687
Unordered burma14 16 32 4 5 128 0.149472563
Unordered burma14 16 32 4 5 128 0.159470941
Unordered burma14 16 32 4 5 128 0.213850448
Unordered burma14 16 32 4 5 128 0.534428515
Unordered burma14 16 32 4 5 128 0.550044624
Unordered burma14 17 50 4 5 200 0.117920251
Unordered burma14 17 50 4 5 200 0.125443679
Unordered burma14 17 50 4 5 200 0.129939852
Unordered burma14 17 50 4 5 200 0.137697926
Unordered burma14 17 50 4 5 200 0.15131396
Unordered burma14 17 50 4 5 200 0.157520016
Unordered burma14 17 50 4 5 200 0.160017646
Unordered burma14 17 50 4 5 200 0.167011168
Unordered burma14 17 50 4 5 200 0.175111654
Unordered burma14 17 50 4 5 200 1.737886426
Unordered rand_34_22137 1 1 1 2 1 NA
Unordered rand_34_22137 1 1 1 2 1 NA
Unordered rand_34_22137 1 1 1 2 1 NA
Unordered rand_34_22137 1 1 1 2 1 NA
Unordered rand_34_22137 1 1 1 2 1 NA
Unordered rand_34_22137 1 1 1 2 1 NA
Unordered rand_34_22137 1 1 1 2 1 NA
Unordered rand_34_22137 1 1 1 2 1 NA
Unordered rand_34_22137 1 1 1 2 1 NA
Unordered rand_34_22137 1 1 1 2 1 NA
Unordered rand_34_22137 1 1 2 3 2 1271.894529458
Unordered rand_34_22137 1 1 2 3 2 1606.873422492
Unordered rand_34_22137 1 1 2 3 2 1619.634412762
Unordered rand_34_22137 1 1 2 3 2 1682.255051065
Unordered rand_34_22137 1 1 2 3 2 1758.130398598
Unordered rand_34_22137 1 1 2 3 2 1772.031292017
Unordered rand_34_22137 1 1 2 3 2 1929.858296123
Unordered rand_34_22137 1 1 2 3 2 2604.432173368
Unordered rand_34_22137 1 1 2 3 2 689.81913233
Unordered rand_34_22137 1 1 2 3 2 984.956436064
Unordered rand_34_22137 1 1 4 5 4 1097.596220696
Unordered rand_34_22137 1 1 4 5 4 1155.836668462
Unordered rand_34_22137 1 1 4 5 4 427.023042819
Unordered rand_34_22137 1 1 4 5 4 794.681180886
Unordered rand_34_22137 1 1 4 5 4 817.023038449
Unordered rand_34_22137 1 1 4 5 4 819.102009399
Unordered rand_34_22137 1 1 4 5 4 857.73653607
Unordered rand_34_22137 1 1 4 5 4 928.380615992
Unordered rand_34_22137 1 1 4 5 4 969.416438548
Unordered rand_34_22137 1 1 4 5 4 970.142017927
Unordered rand_34_22137 2 2 4 5 8 387.569129763
Unordered rand_34_22137 2 2 4 5 8 420.633369653
Unordered rand_34_22137 2 2 4 5 8 499.78730875
Unordered rand_34_22137 2 2 4 5 8 512.520627955
Unordered rand_34_22137 2 2 4 5 8 519.053055521
Unordered rand_34_22137 2 2 4 5 8 521.690014016
Unordered rand_34_22137 2 2 4 5 8 536.351161249
Unordered rand_34_22137 2 2 4 5 8 574.126484188
Unordered rand_34_22137 2 2 4 5 8 576.625992471
Unordered rand_34_22137 2 2 4 5 8 689.651436742
Unordered rand_34_22137 4 8 4 5 32 120.432948761
Unordered rand_34_22137 4 8 4 5 32 159.060543873
Unordered rand_34_22137 4 8 4 5 32 183.022617169
Unordered rand_34_22137 4 8 4 5 32 183.632686859
Unordered rand_34_22137 4 8 4 5 32 201.698139426
Unordered rand_34_22137 4 8 4 5 32 216.556270986
Unordered rand_34_22137 4 8 4 5 32 220.400491414
Unordered rand_34_22137 4 8 4 5 32 246.699832943
Unordered rand_34_22137 4 8 4 5 32 303.370944816
Unordered rand_34_22137 4 8 4 5 32 619.483407185
Unordered rand_34_22137 8 16 4 5 64 130.200003848
Unordered rand_34_22137 8 16 4 5 64 135.753710496
Unordered rand_34_22137 8 16 4 5 64 136.919719108
Unordered rand_34_22137 8 16 4 5 64 137.807009312
Unordered rand_34_22137 8 16 4 5 64 154.189486225
Unordered rand_34_22137 8 16 4 5 64 163.66043637
Unordered rand_34_22137 8 16 4 5 64 164.157803212
Unordered rand_34_22137 8 16 4 5 64 167.530920436
Unordered rand_34_22137 8 16 4 5 64 168.188015128
Unordered rand_34_22137 8 16 4 5 64 222.88854068
Unordered rand_34_22137 16 32 4 5 128 100.517567814
Unordered rand_34_22137 16 32 4 5 128 105.303135573
Unordered rand_34_22137 16 32 4 5 128 107.736031697
Unordered rand_34_22137 16 32 4 5 128 115.961742291
Unordered rand_34_22137 16 32 4 5 128 120.523241704
Unordered rand_34_22137 16 32 4 5 128 121.503398069
Unordered rand_34_22137 16 32 4 5 128 128.37971224
Unordered rand_34_22137 16 32 4 5 128 134.04783913
Unordered rand_34_22137 16 32 4 5 128 135.114947602
Unordered rand_34_22137 16 32 4 5 128 135.154522959
Unordered rand_34_22137 17 50 4 5 200 101.536006673
Unordered rand_34_22137 17 50 4 5 200 103.536545327
Unordered rand_34_22137 17 50 4 5 200 106.02198056
Unordered rand_34_22137 17 50 4 5 200 108.035813805
Unordered rand_34_22137 17 50 4 5 200 109.709511185
Unordered rand_34_22137 17 50 4 5 200 111.16596473
Unordered rand_34_22137 17 50 4 5 200 112.163717089
Unordered rand_34_22137 17 50 4 5 200 117.923269867
Unordered rand_34_22137 17 50 4 5 200 119.744652199
Unordered rand_34_22137 17 50 4 5 200 92.607900509
Unordered rand_35_52156 1 1 1 2 1 2205.153664964
Unordered rand_35_52156 1 1 1 2 1 2207.922124643
Unordered rand_35_52156 1 1 1 2 1 2212.670019507
Unordered rand_35_52156 1 1 1 2 1 2220.245954848
Unordered rand_35_52156 1 1 1 2 1 2221.746528879
Unordered rand_35_52156 1 1 1 2 1 2225.120509324
Unordered rand_35_52156 1 1 1 2 1 2329.505299551
Unordered rand_35_52156 1 1 1 2 1 2365.726533343
Unordered rand_35_52156 1 1 1 2 1 2365.757187541
Unordered rand_35_52156 1 1 1 2 1 2369.074155507
Unordered rand_35_52156 1 1 2 3 2 1009.936934308
Unordered rand_35_52156 1 1 2 3 2 1212.953493512
Unordered rand_35_52156 1 1 2 3 2 1218.2968914
Unordered rand_35_52156 1 1 2 3 2 1241.581950651
Unordered rand_35_52156 1 1 2 3 2 1255.212073167
Unordered rand_35_52156 1 1 2 3 2 1261.600382203
Unordered rand_35_52156 1 1 2 3 2 1280.219342459
Unordered rand_35_52156 1 1 2 3 2 1281.359795259
Unordered rand_35_52156 1 1 2 3 2 1283.644953887
Unordered rand_35_52156 1 1 2 3 2 1767.406345255
Unordered rand_35_52156 1 1 4 5 4 577.977242626
Unordered rand_35_52156 1 1 4 5 4 603.221611434
Unordered rand_35_52156 1 1 4 5 4 650.790928132
Unordered rand_35_52156 1 1 4 5 4 652.003913831
Unordered rand_35_52156 1 1 4 5 4 660.266598062
Unordered rand_35_52156 1 1 4 5 4 662.189487322
Unordered rand_35_52156 1 1 4 5 4 669.204039582
Unordered rand_35_52156 1 1 4 5 4 700.099835616
Unordered rand_35_52156 1 1 4 5 4 732.202506859
Unordered rand_35_52156 1 1 4 5 4 735.617698236
Unordered rand_35_52156 2 2 4 5 8 337.346448002
Unordered rand_35_52156 2 2 4 5 8 342.828864751
Unordered rand_35_52156 2 2 4 5 8 355.630160192
Unordered rand_35_52156 2 2 4 5 8 362.032912272
Unordered rand_35_52156 2 2 4 5 8 375.07159087
Unordered rand_35_52156 2 2 4 5 8 385.51495407
Unordered rand_35_52156 2 2 4 5 8 389.190817346
Unordered rand_35_52156 2 2 4 5 8 395.164812791
Unordered rand_35_52156 2 2 4 5 8 407.996179854
Unordered rand_35_52156 2 2 4 5 8 425.099705215
Unordered rand_35_52156 4 8 4 5 32 121.119658884
Unordered rand_35_52156 4 8 4 5 32 122.318441147
Unordered rand_35_52156 4 8 4 5 32 126.963227415
Unordered rand_35_52156 4 8 4 5 32 145.083504207
Unordered rand_35_52156 4 8 4 5 32 145.315117398
Unordered rand_35_52156 4 8 4 5 32 157.263575569
Unordered rand_35_52156 4 8 4 5 32 172.726158198
Unordered rand_35_52156 4 8 4 5 32 228.111357999
Unordered rand_35_52156 4 8 4 5 32 67.892826776
Unordered rand_35_52156 4 8 4 5 32 69.148689351
Unordered rand_35_52156 8 16 4 5 64 103.972143275
Unordered rand_35_52156 8 16 4 5 64 107.728086676
Unordered rand_35_52156 8 16 4 5 64 127.13389907
Unordered rand_35_52156 8 16 4 5 64 54.809244018
Unordered rand_35_52156 8 16 4 5 64 55.598825313
Unordered rand_35_52156 8 16 4 5 64 70.491588958
Unordered rand_35_52156 8 16 4 5 64 89.752750453
Unordered rand_35_52156 8 16 4 5 64 91.500415298
Unordered rand_35_52156 8 16 4 5 64 98.414503977
Unordered rand_35_52156 8 16 4 5 64 99.289829733
Unordered rand_35_52156 16 32 4 5 128 48.766404541
Unordered rand_35_52156 16 32 4 5 128 50.602117578
Unordered rand_35_52156 16 32 4 5 128 55.290708742
Unordered rand_35_52156 16 32 4 5 128 57.151369492
Unordered rand_35_52156 16 32 4 5 128 61.935484992
Unordered rand_35_52156 16 32 4 5 128 64.168447921
Unordered rand_35_52156 16 32 4 5 128 66.240320945
Unordered rand_35_52156 16 32 4 5 128 68.569931137
Unordered rand_35_52156 16 32 4 5 128 81.729139939
Unordered rand_35_52156 16 32 4 5 128 84.370214468
Unordered rand_35_52156 17 50 4 5 200 49.027359053
Unordered rand_35_52156 17 50 4 5 200 49.558277883
Unordered rand_35_52156 17 50 4 5 200 49.989715583
Unordered rand_35_52156 17 50 4 5 200 53.163233982
Unordered rand_35_52156 17 50 4 5 200 53.226215961
Unordered rand_35_52156 17 50 4 5 200 54.604132696
Unordered rand_35_52156 17 50 4 5 200 56.86410915
Unordered rand_35_52156 17 50 4 5 200 59.053444529
Unordered rand_35_52156 17 50 4 5 200 62.076296976
Unordered rand_35_52156 17 50 4 5 200 75.170931647
Unordered rand_36_62563 1 1 1 2 1 1854.427020854
Unordered rand_36_62563 1 1 1 2 1 1864.568233833
Unordered rand_36_62563 1 1 1 2 1 1881.833161098
Unordered rand_36_62563 1 1 1 2 1 1892.37393046
Unordered rand_36_62563 1 1 1 2 1 1892.500219703
Unordered rand_36_62563 1 1 1 2 1 1908.977637924
Unordered rand_36_62563 1 1 1 2 1 1917.39445456
Unordered rand_36_62563 1 1 1 2 1 1929.189795479
Unordered rand_36_62563 1 1 1 2 1 1932.210640575
Unordered rand_36_62563 1 1 1 2 1 1953.82190755
Unordered rand_36_62563 1 1 2 3 2 1000.439407034
Unordered rand_36_62563 1 1 2 3 2 1270.412819048
Unordered rand_36_62563 1 1 2 3 2 1613.961663421
Unordered rand_36_62563 1 1 2 3 2 480.729312761
Unordered rand_36_62563 1 1 2 3 2 576.854240795
Unordered rand_36_62563 1 1 2 3 2 800.044136077
Unordered rand_36_62563 1 1 2 3 2 942.166161692
Unordered rand_36_62563 1 1 2 3 2 953.553113776
Unordered rand_36_62563 1 1 2 3 2 982.8681709
Unordered rand_36_62563 1 1 2 3 2 991.591906212
Unordered rand_36_62563 1 1 4 5 4 502.146888285
Unordered rand_36_62563 1 1 4 5 4 517.508299421
Unordered rand_36_62563 1 1 4 5 4 521.072543764
Unordered rand_36_62563 1 1 4 5 4 543.668142774
Unordered rand_36_62563 1 1 4 5 4 546.753957402
Unordered rand_36_62563 1 1 4 5 4 550.870537015
Unordered rand_36_62563 1 1 4 5 4 571.254796191
Unordered rand_36_62563 1 1 4 5 4 572.580516651
Unordered rand_36_62563 1 1 4 5 4 578.013812731
Unordered rand_36_62563 1 1 4 5 4 663.444748828
Unordered rand_36_62563 2 2 4 5 8 362.993325867
Unordered rand_36_62563 2 2 4 5 8 382.543601902
Unordered rand_36_62563 2 2 4 5 8 403.76816183
Unordered rand_36_62563 2 2 4 5 8 410.699081429
Unordered rand_36_62563 2 2 4 5 8 411.07614782
Unordered rand_36_62563 2 2 4 5 8 413.018509677
Unordered rand_36_62563 2 2 4 5 8 418.181810986
Unordered rand_36_62563 2 2 4 5 8 436.237229886
Unordered rand_36_62563 2 2 4 5 8 470.141730484
Unordered rand_36_62563 2 2 4 5 8 481.632486335
Unordered rand_36_62563 4 8 4 5 32 159.868096638
Unordered rand_36_62563 4 8 4 5 32 161.477634461
Unordered rand_36_62563 4 8 4 5 32 180.950872383
Unordered rand_36_62563 4 8 4 5 32 190.92390789
Unordered rand_36_62563 4 8 4 5 32 193.436151561
Unordered rand_36_62563 4 8 4 5 32 193.848508283
Unordered rand_36_62563 4 8 4 5 32 208.015491962
Unordered rand_36_62563 4 8 4 5 32 209.824662809
Unordered rand_36_62563 4 8 4 5 32 211.600423075
Unordered rand_36_62563 4 8 4 5 32 250.097340891
Unordered rand_36_62563 8 16 4 5 64 142.824443544
Unordered rand_36_62563 8 16 4 5 64 143.749552934
Unordered rand_36_62563 8 16 4 5 64 144.662084708
Unordered rand_36_62563 8 16 4 5 64 145.925960565
Unordered rand_36_62563 8 16 4 5 64 158.237426426
Unordered rand_36_62563 8 16 4 5 64 159.952702634
Unordered rand_36_62563 8 16 4 5 64 162.385894379
Unordered rand_36_62563 8 16 4 5 64 186.011157734
Unordered rand_36_62563 8 16 4 5 64 189.579091537
Unordered rand_36_62563 8 16 4 5 64 204.972157479
Unordered rand_36_62563 16 32 4 5 128 136.674141202
Unordered rand_36_62563 16 32 4 5 128 144.853866761
Unordered rand_36_62563 16 32 4 5 128 145.48639743
Unordered rand_36_62563 16 32 4 5 128 146.08948534
Unordered rand_36_62563 16 32 4 5 128 149.197187808
Unordered rand_36_62563 16 32 4 5 128 149.539290168
Unordered rand_36_62563 16 32 4 5 128 150.506885288
Unordered rand_36_62563 16 32 4 5 128 151.438174381
Unordered rand_36_62563 16 32 4 5 128 160.034096317
Unordered rand_36_62563 16 32 4 5 128 172.385333619
Unordered rand_36_62563 17 50 4 5 200 134.970118893
Unordered rand_36_62563 17 50 4 5 200 137.312403587
Unordered rand_36_62563 17 50 4 5 200 140.652890818
Unordered rand_36_62563 17 50 4 5 200 141.352876399
Unordered rand_36_62563 17 50 4 5 200 141.742030992
Unordered rand_36_62563 17 50 4 5 200 142.51475577
Unordered rand_36_62563 17 50 4 5 200 145.700624866
Unordered rand_36_62563 17 50 4 5 200 146.738633939
Unordered rand_36_62563 17 50 4 5 200 149.355245541
Unordered rand_36_62563 17 50 4 5 200 153.64276627
Unordered rand_37_6160 1 1 1 2 1 1685.230310318
Unordered rand_37_6160 1 1 1 2 1 1685.829047539
Unordered rand_37_6160 1 1 1 2 1 1687.520022266
Unordered rand_37_6160 1 1 1 2 1 1713.812007248
Unordered rand_37_6160 1 1 1 2 1 1719.867682351
Unordered rand_37_6160 1 1 1 2 1 1720.030160902
Unordered rand_37_6160 1 1 1 2 1 1766.045965971
Unordered rand_37_6160 1 1 1 2 1 1792.426633501
Unordered rand_37_6160 1 1 1 2 1 1813.011919803
Unordered rand_37_6160 1 1 1 2 1 1813.33127938
Unordered rand_37_6160 1 1 2 3 2 1019.58647995
Unordered rand_37_6160 1 1 2 3 2 1032.323845823
Unordered rand_37_6160 1 1 2 3 2 1040.98752223
Unordered rand_37_6160 1 1 2 3 2 1052.388361455
Unordered rand_37_6160 1 1 2 3 2 1061.312671751
Unordered rand_37_6160 1 1 2 3 2 1064.658231381
Unordered rand_37_6160 1 1 2 3 2 1067.72361075
Unordered rand_37_6160 1 1 2 3 2 1069.067098934
Unordered rand_37_6160 1 1 2 3 2 1097.365632209
Unordered rand_37_6160 1 1 2 3 2 1110.85875093
Unordered rand_37_6160 1 1 4 5 4 452.744410758
Unordered rand_37_6160 1 1 4 5 4 576.094409979
Unordered rand_37_6160 1 1 4 5 4 580.069592226
Unordered rand_37_6160 1 1 4 5 4 583.600413057
Unordered rand_37_6160 1 1 4 5 4 586.849659995
Unordered rand_37_6160 1 1 4 5 4 587.734433875
Unordered rand_37_6160 1 1 4 5 4 630.527460492
Unordered rand_37_6160 1 1 4 5 4 646.662080319
Unordered rand_37_6160 1 1 4 5 4 650.270279436
Unordered rand_37_6160 1 1 4 5 4 657.370145904
Unordered rand_37_6160 2 2 4 5 8 287.926865049
Unordered rand_37_6160 2 2 4 5 8 331.275995471
Unordered rand_37_6160 2 2 4 5 8 366.192765866
Unordered rand_37_6160 2 2 4 5 8 368.029463677
Unordered rand_37_6160 2 2 4 5 8 368.80574987
Unordered rand_37_6160 2 2 4 5 8 394.325301087
Unordered rand_37_6160 2 2 4 5 8 396.846842183
Unordered rand_37_6160 2 2 4 5 8 407.680290114
Unordered rand_37_6160 2 2 4 5 8 415.97962354
Unordered rand_37_6160 2 2 4 5 8 418.994058016
Unordered rand_37_6160 4 8 4 5 32 198.849337137
Unordered rand_37_6160 4 8 4 5 32 201.420263786
Unordered rand_37_6160 4 8 4 5 32 215.384569551
Unordered rand_37_6160 4 8 4 5 32 215.451368054
Unordered rand_37_6160 4 8 4 5 32 215.994983368
Unordered rand_37_6160 4 8 4 5 32 221.85508783
Unordered rand_37_6160 4 8 4 5 32 227.454517803
Unordered rand_37_6160 4 8 4 5 32 229.156163543
Unordered rand_37_6160 4 8 4 5 32 230.350860155
Unordered rand_37_6160 4 8 4 5 32 237.374399412
Unordered rand_37_6160 8 16 4 5 64 173.009010893
Unordered rand_37_6160 8 16 4 5 64 178.382046148
Unordered rand_37_6160 8 16 4 5 64 181.629796094
Unordered rand_37_6160 8 16 4 5 64 183.366000304
Unordered rand_37_6160 8 16 4 5 64 184.988146558
Unordered rand_37_6160 8 16 4 5 64 187.979081198
Unordered rand_37_6160 8 16 4 5 64 190.778506519
Unordered rand_37_6160 8 16 4 5 64 191.837049643
Unordered rand_37_6160 8 16 4 5 64 195.048798269
Unordered rand_37_6160 8 16 4 5 64 197.695623009
Unordered rand_37_6160 16 32 4 5 128 163.674797414
Unordered rand_37_6160 16 32 4 5 128 166.137505259
Unordered rand_37_6160 16 32 4 5 128 168.624538881
Unordered rand_37_6160 16 32 4 5 128 169.245379553
Unordered rand_37_6160 16 32 4 5 128 170.695750687
Unordered rand_37_6160 16 32 4 5 128 172.720678449
Unordered rand_37_6160 16 32 4 5 128 173.350724701
Unordered rand_37_6160 16 32 4 5 128 176.767206827
Unordered rand_37_6160 16 32 4 5 128 176.865516378
Unordered rand_37_6160 16 32 4 5 128 177.232790983
Unordered rand_37_6160 17 50 4 5 200 162.186690771
Unordered rand_37_6160 17 50 4 5 200 163.541103466
Unordered rand_37_6160 17 50 4 5 200 164.895688832
Unordered rand_37_6160 17 50 4 5 200 165.119772006
Unordered rand_37_6160 17 50 4 5 200 165.729615613
Unordered rand_37_6160 17 50 4 5 200 166.335065801
Unordered rand_37_6160 17 50 4 5 200 166.573208429
Unordered rand_37_6160 17 50 4 5 200 167.081372466
Unordered rand_37_6160 17 50 4 5 200 167.713901906
Unordered rand_37_6160 17 50 4 5 200 167.920669478
Unordered rand_38_37183 1 1 1 2 1 1545.604859406
Unordered rand_38_37183 1 1 1 2 1 1552.748336119
Unordered rand_38_37183 1 1 1 2 1 1554.299302085
Unordered rand_38_37183 1 1 1 2 1 1564.688578645
Unordered rand_38_37183 1 1 1 2 1 1572.460933353
Unordered rand_38_37183 1 1 1 2 1 1576.946864274
Unordered rand_38_37183 1 1 1 2 1 1611.302973014
Unordered rand_38_37183 1 1 1 2 1 1640.347169226
Unordered rand_38_37183 1 1 1 2 1 1641.43637921
Unordered rand_38_37183 1 1 1 2 1 1667.668701354
Unordered rand_38_37183 1 1 2 3 2 537.980150505
Unordered rand_38_37183 1 1 2 3 2 667.659578044
Unordered rand_38_37183 1 1 2 3 2 817.529526212
Unordered rand_38_37183 1 1 2 3 2 823.237514256
Unordered rand_38_37183 1 1 2 3 2 830.797500095
Unordered rand_38_37183 1 1 2 3 2 833.185183506
Unordered rand_38_37183 1 1 2 3 2 833.311464213
Unordered rand_38_37183 1 1 2 3 2 842.945343143
Unordered rand_38_37183 1 1 2 3 2 846.186935334
Unordered rand_38_37183 1 1 2 3 2 848.859877147
Unordered rand_38_37183 1 1 4 5 4 301.029455808
Unordered rand_38_37183 1 1 4 5 4 326.037678448
Unordered rand_38_37183 1 1 4 5 4 340.525287642
Unordered rand_38_37183 1 1 4 5 4 390.471600062
Unordered rand_38_37183 1 1 4 5 4 407.669353484
Unordered rand_38_37183 1 1 4 5 4 414.044558479
Unordered rand_38_37183 1 1 4 5 4 415.801191219
Unordered rand_38_37183 1 1 4 5 4 415.958709824
Unordered rand_38_37183 1 1 4 5 4 422.839271384
Unordered rand_38_37183 1 1 4 5 4 516.56312802
Unordered rand_38_37183 2 2 4 5 8 202.423812542
Unordered rand_38_37183 2 2 4 5 8 210.28622682
Unordered rand_38_37183 2 2 4 5 8 210.470293193
Unordered rand_38_37183 2 2 4 5 8 217.735330611
Unordered rand_38_37183 2 2 4 5 8 218.677254613
Unordered rand_38_37183 2 2 4 5 8 223.754587981
Unordered rand_38_37183 2 2 4 5 8 239.565241434
Unordered rand_38_37183 2 2 4 5 8 250.614250725
Unordered rand_38_37183 2 2 4 5 8 325.955283286
Unordered rand_38_37183 2 2 4 5 8 336.209106482
Unordered rand_38_37183 4 8 4 5 32 114.548595751
Unordered rand_38_37183 4 8 4 5 32 126.33175113
Unordered rand_38_37183 4 8 4 5 32 138.392306125
Unordered rand_38_37183 4 8 4 5 32 144.487041203
Unordered rand_38_37183 4 8 4 5 32 146.830506207
Unordered rand_38_37183 4 8 4 5 32 157.832796295
Unordered rand_38_37183 4 8 4 5 32 159.106435107
Unordered rand_38_37183 4 8 4 5 32 161.916892657
Unordered rand_38_37183 4 8 4 5 32 180.00153861
Unordered rand_38_37183 4 8 4 5 32 191.630315869
Unordered rand_38_37183 8 16 4 5 64 109.275148807
Unordered rand_38_37183 8 16 4 5 64 110.342856013
Unordered rand_38_37183 8 16 4 5 64 117.014748929
Unordered rand_38_37183 8 16 4 5 64 118.16554299
Unordered rand_38_37183 8 16 4 5 64 118.817565316
Unordered rand_38_37183 8 16 4 5 64 119.158678968
Unordered rand_38_37183 8 16 4 5 64 122.185620883
Unordered rand_38_37183 8 16 4 5 64 135.039052084
Unordered rand_38_37183 8 16 4 5 64 245.980404671
Unordered rand_38_37183 8 16 4 5 64 265.448903669
Unordered rand_38_37183 16 32 4 5 128 100.231762264
Unordered rand_38_37183 16 32 4 5 128 100.989137039
Unordered rand_38_37183 16 32 4 5 128 102.864871501
Unordered rand_38_37183 16 32 4 5 128 104.62379333
Unordered rand_38_37183 16 32 4 5 128 104.666739472
Unordered rand_38_37183 16 32 4 5 128 105.419028784
Unordered rand_38_37183 16 32 4 5 128 97.385148382
Unordered rand_38_37183 16 32 4 5 128 97.766763459
Unordered rand_38_37183 16 32 4 5 128 99.792210916
Unordered rand_38_37183 16 32 4 5 128 99.987133525
Unordered rand_38_37183 17 50 4 5 200 96.642219383
Unordered rand_38_37183 17 50 4 5 200 97.542716315
Unordered rand_38_37183 17 50 4 5 200 97.607445759
Unordered rand_38_37183 17 50 4 5 200 97.694755188
Unordered rand_38_37183 17 50 4 5 200 97.736222663
Unordered rand_38_37183 17 50 4 5 200 98.17631857
Unordered rand_38_37183 17 50 4 5 200 99.192283589
Unordered rand_38_37183 17 50 4 5 200 99.485077641
Unordered rand_38_37183 17 50 4 5 200 99.906140889
Unordered rand_38_37183 17 50 4 5 200 99.972608053
Unordered rand_39_50212 1 1 1 2 1 2590.460264819
Unordered rand_39_50212 1 1 1 2 1 2592.501953801
Unordered rand_39_50212 1 1 1 2 1 2600.018874972
Unordered rand_39_50212 1 1 1 2 1 2603.613482305
Unordered rand_39_50212 1 1 1 2 1 2622.191946158
Unordered rand_39_50212 1 1 1 2 1 2647.441412157
Unordered rand_39_50212 1 1 1 2 1 2664.226211028
Unordered rand_39_50212 1 1 1 2 1 2674.120686706
Unordered rand_39_50212 1 1 1 2 1 2706.124673133
Unordered rand_39_50212 1 1 1 2 1 2709.014071205
Unordered rand_39_50212 1 1 2 3 2 1333.243567053
Unordered rand_39_50212 1 1 2 3 2 1353.784395615
Unordered rand_39_50212 1 1 2 3 2 1419.249244518
Unordered rand_39_50212 1 1 2 3 2 1426.893837324
Unordered rand_39_50212 1 1 2 3 2 1465.849440811
Unordered rand_39_50212 1 1 2 3 2 1473.376668499
Unordered rand_39_50212 1 1 2 3 2 1480.431527863
Unordered rand_39_50212 1 1 2 3 2 1487.233383753
Unordered rand_39_50212 1 1 2 3 2 1538.056012044
Unordered rand_39_50212 1 1 2 3 2 848.610256344
Unordered rand_39_50212 1 1 4 5 4 699.517717253
Unordered rand_39_50212 1 1 4 5 4 735.752941847
Unordered rand_39_50212 1 1 4 5 4 896.611952614
Unordered rand_39_50212 1 1 4 5 4 909.188856942
Unordered rand_39_50212 1 1 4 5 4 914.494494441
Unordered rand_39_50212 1 1 4 5 4 917.596006454
Unordered rand_39_50212 1 1 4 5 4 918.933715418
Unordered rand_39_50212 1 1 4 5 4 919.084775289
Unordered rand_39_50212 1 1 4 5 4 923.158352562
Unordered rand_39_50212 1 1 4 5 4 929.741832642
Unordered rand_39_50212 2 2 4 5 8 438.729796499
Unordered rand_39_50212 2 2 4 5 8 513.557948555
Unordered rand_39_50212 2 2 4 5 8 516.944444084
Unordered rand_39_50212 2 2 4 5 8 519.582411332
Unordered rand_39_50212 2 2 4 5 8 523.827743603
Unordered rand_39_50212 2 2 4 5 8 542.006936029
Unordered rand_39_50212 2 2 4 5 8 561.698304321
Unordered rand_39_50212 2 2 4 5 8 562.305547372
Unordered rand_39_50212 2 2 4 5 8 594.814653443
Unordered rand_39_50212 2 2 4 5 8 615.469052781
Unordered rand_39_50212 4 8 4 5 32 178.628329495
Unordered rand_39_50212 4 8 4 5 32 178.673769025
Unordered rand_39_50212 4 8 4 5 32 187.35651185
Unordered rand_39_50212 4 8 4 5 32 216.809713332
Unordered rand_39_50212 4 8 4 5 32 222.188017996
Unordered rand_39_50212 4 8 4 5 32 229.193198912
Unordered rand_39_50212 4 8 4 5 32 237.955558053
Unordered rand_39_50212 4 8 4 5 32 243.875848782
Unordered rand_39_50212 4 8 4 5 32 247.922457942
Unordered rand_39_50212 4 8 4 5 32 248.228634729
Unordered rand_39_50212 8 16 4 5 64 164.511079463
Unordered rand_39_50212 8 16 4 5 64 167.893120269
Unordered rand_39_50212 8 16 4 5 64 171.533843778
Unordered rand_39_50212 8 16 4 5 64 185.525150657
Unordered rand_39_50212 8 16 4 5 64 187.246319162
Unordered rand_39_50212 8 16 4 5 64 187.532500982
Unordered rand_39_50212 8 16 4 5 64 189.086852898
Unordered rand_39_50212 8 16 4 5 64 191.757892244
Unordered rand_39_50212 8 16 4 5 64 192.627869196
Unordered rand_39_50212 8 16 4 5 64 193.708437021
Unordered rand_39_50212 16 32 4 5 128 152.389637283
Unordered rand_39_50212 16 32 4 5 128 158.037313544
Unordered rand_39_50212 16 32 4 5 128 159.075118822
Unordered rand_39_50212 16 32 4 5 128 159.332749075
Unordered rand_39_50212 16 32 4 5 128 159.623599825
Unordered rand_39_50212 16 32 4 5 128 160.197929213
Unordered rand_39_50212 16 32 4 5 128 160.33005085
Unordered rand_39_50212 16 32 4 5 128 160.939436846
Unordered rand_39_50212 16 32 4 5 128 162.947785448
Unordered rand_39_50212 16 32 4 5 128 165.986030835
Unordered rand_39_50212 17 50 4 5 200 156.305740527
Unordered rand_39_50212 17 50 4 5 200 156.543436177
Unordered rand_39_50212 17 50 4 5 200 156.567444663
Unordered rand_39_50212 17 50 4 5 200 156.925821006
Unordered rand_39_50212 17 50 4 5 200 157.258243595
Unordered rand_39_50212 17 50 4 5 200 159.503051716
Unordered rand_39_50212 17 50 4 5 200 159.971234278
Unordered rand_39_50212 17 50 4 5 200 160.229299642
Unordered rand_39_50212 17 50 4 5 200 160.247969348
Unordered rand_39_50212 17 50 4 5 200 160.369865397
Unordered ulysses16 1 1 1 2 1 44.352771655
Unordered ulysses16 1 1 1 2 1 45.628435536
Unordered ulysses16 1 1 1 2 1 46.926421692
Unordered ulysses16 1 1 1 2 1 47.039345902
Unordered ulysses16 1 1 1 2 1 47.264549599
Unordered ulysses16 1 1 1 2 1 47.298882147
Unordered ulysses16 1 1 1 2 1 47.308916709
Unordered ulysses16 1 1 1 2 1 47.373977115
Unordered ulysses16 1 1 1 2 1 47.535210113
Unordered ulysses16 1 1 1 2 1 47.656967844
Unordered ulysses16 1 1 2 3 2 24.991904274
Unordered ulysses16 1 1 2 3 2 25.3870772
Unordered ulysses16 1 1 2 3 2 25.517413308
Unordered ulysses16 1 1 2 3 2 25.708519683
Unordered ulysses16 1 1 2 3 2 25.751703745
Unordered ulysses16 1 1 2 3 2 26.328283017
Unordered ulysses16 1 1 2 3 2 26.497752546
Unordered ulysses16 1 1 2 3 2 26.939056239
Unordered ulysses16 1 1 2 3 2 26.974835719
Unordered ulysses16 1 1 2 3 2 38.911425159
Unordered ulysses16 1 1 4 5 4 14.86290821
Unordered ulysses16 1 1 4 5 4 15.123799329
Unordered ulysses16 1 1 4 5 4 15.268603368
Unordered ulysses16 1 1 4 5 4 15.307727837
Unordered ulysses16 1 1 4 5 4 15.441430165
Unordered ulysses16 1 1 4 5 4 15.668071411
Unordered ulysses16 1 1 4 5 4 15.725515704
Unordered ulysses16 1 1 4 5 4 15.795530371
Unordered ulysses16 1 1 4 5 4 16.065902881
Unordered ulysses16 1 1 4 5 4 16.789380627
Unordered ulysses16 2 2 4 5 8 10.064005767
Unordered ulysses16 2 2 4 5 8 8.827688812
Unordered ulysses16 2 2 4 5 8 9.269144529
Unordered ulysses16 2 2 4 5 8 9.271007506
Unordered ulysses16 2 2 4 5 8 9.297093693
Unordered ulysses16 2 2 4 5 8 9.323194819
Unordered ulysses16 2 2 4 5 8 9.570444879
Unordered ulysses16 2 2 4 5 8 9.612197822
Unordered ulysses16 2 2 4 5 8 9.704891494
Unordered ulysses16 2 2 4 5 8 9.928431127
Unordered ulysses16 4 8 4 5 32 10.304246445
Unordered ulysses16 4 8 4 5 32 7.893747489
Unordered ulysses16 4 8 4 5 32 7.937934903
Unordered ulysses16 4 8 4 5 32 8.261372809
Unordered ulysses16 4 8 4 5 32 8.691752516
Unordered ulysses16 4 8 4 5 32 8.9087132
Unordered ulysses16 4 8 4 5 32 9.288170823
Unordered ulysses16 4 8 4 5 32 9.318968626
Unordered ulysses16 4 8 4 5 32 9.343281403
Unordered ulysses16 4 8 4 5 32 9.350109648
Unordered ulysses16 8 16 4 5 64 10.059707144
Unordered ulysses16 8 16 4 5 64 10.547152797
Unordered ulysses16 8 16 4 5 64 11.026994844
Unordered ulysses16 8 16 4 5 64 11.491530264
Unordered ulysses16 8 16 4 5 64 12.775112513
Unordered ulysses16 8 16 4 5 64 7.777708503
Unordered ulysses16 8 16 4 5 64 9.47429138
Unordered ulysses16 8 16 4 5 64 9.490663024
Unordered ulysses16 8 16 4 5 64 9.797711248
Unordered ulysses16 8 16 4 5 64 9.876103276
Unordered ulysses16 16 32 4 5 128 10.541066862
Unordered ulysses16 16 32 4 5 128 11.244819507
Unordered ulysses16 16 32 4 5 128 11.3945492
Unordered ulysses16 16 32 4 5 128 11.850280401
Unordered ulysses16 16 32 4 5 128 7.01469283
Unordered ulysses16 16 32 4 5 128 8.268533631
Unordered ulysses16 16 32 4 5 128 9.376601544
Unordered ulysses16 16 32 4 5 128 9.460436437
Unordered ulysses16 16 32 4 5 128 9.590183331
Unordered ulysses16 16 32 4 5 128 9.69211763
Unordered ulysses16 17 50 4 5 200 10.484449758
Unordered ulysses16 17 50 4 5 200 10.619741445
Unordered ulysses16 17 50 4 5 200 10.65136558
Unordered ulysses16 17 50 4 5 200 10.661596939
Unordered ulysses16 17 50 4 5 200 11.377050948
Unordered ulysses16 17 50 4 5 200 11.509228514
Unordered ulysses16 17 50 4 5 200 11.677070396
Unordered ulysses16 17 50 4 5 200 11.687455689
Unordered ulysses16 17 50 4 5 200 8.141160946
Unordered ulysses16 17 50 4 5 200 9.971064087
Unordered ulysses22 1 1 1 2 1 NA
Unordered ulysses22 1 1 1 2 1 NA
Unordered ulysses22 1 1 1 2 1 NA
Unordered ulysses22 1 1 1 2 1 NA
Unordered ulysses22 1 1 1 2 1 NA
Unordered ulysses22 1 1 1 2 1 NA
Unordered ulysses22 1 1 1 2 1 NA
Unordered ulysses22 1 1 1 2 1 NA
Unordered ulysses22 1 1 1 2 1 NA
Unordered ulysses22 1 1 1 2 1 NA
Unordered ulysses22 1 1 2 3 2 NA
Unordered ulysses22 1 1 2 3 2 NA
Unordered ulysses22 1 1 2 3 2 NA
Unordered ulysses22 1 1 2 3 2 NA
Unordered ulysses22 1 1 2 3 2 NA
Unordered ulysses22 1 1 2 3 2 NA
Unordered ulysses22 1 1 2 3 2 NA
Unordered ulysses22 1 1 2 3 2 NA
Unordered ulysses22 1 1 2 3 2 NA
Unordered ulysses22 1 1 2 3 2 NA
Unordered ulysses22 1 1 4 5 4 NA
Unordered ulysses22 1 1 4 5 4 NA
Unordered ulysses22 1 1 4 5 4 NA
Unordered ulysses22 1 1 4 5 4 NA
Unordered ulysses22 1 1 4 5 4 NA
Unordered ulysses22 1 1 4 5 4 NA
Unordered ulysses22 1 1 4 5 4 NA
Unordered ulysses22 1 1 4 5 4 NA
Unordered ulysses22 1 1 4 5 4 NA
Unordered ulysses22 1 1 4 5 4 NA
Unordered ulysses22 2 2 4 5 8 NA
Unordered ulysses22 2 2 4 5 8 NA
Unordered ulysses22 2 2 4 5 8 NA
Unordered ulysses22 2 2 4 5 8 NA
Unordered ulysses22 2 2 4 5 8 NA
Unordered ulysses22 2 2 4 5 8 NA
Unordered ulysses22 2 2 4 5 8 NA
Unordered ulysses22 2 2 4 5 8 NA
Unordered ulysses22 2 2 4 5 8 NA
Unordered ulysses22 2 2 4 5 8 NA
Unordered ulysses22 4 8 4 5 32 2980.119948209
Unordered ulysses22 4 8 4 5 32 2999.287923158
Unordered ulysses22 4 8 4 5 32 3072.657047372
Unordered ulysses22 4 8 4 5 32 3186.660971101
Unordered ulysses22 4 8 4 5 32 3205.349899628
Unordered ulysses22 4 8 4 5 32 3211.079731136
Unordered ulysses22 4 8 4 5 32 3256.579951906
Unordered ulysses22 4 8 4 5 32 3264.585537189
Unordered ulysses22 4 8 4 5 32 3320.812865945
Unordered ulysses22 4 8 4 5 32 3350.289935646
Unordered ulysses22 8 16 4 5 64 2557.460876141
Unordered ulysses22 8 16 4 5 64 2568.126179309
Unordered ulysses22 8 16 4 5 64 2595.032187356
Unordered ulysses22 8 16 4 5 64 2601.436096972
Unordered ulysses22 8 16 4 5 64 2611.138830807
Unordered ulysses22 8 16 4 5 64 2631.249597546
Unordered ulysses22 8 16 4 5 64 2632.862976278
Unordered ulysses22 8 16 4 5 64 2648.98098739
Unordered ulysses22 8 16 4 5 64 2669.515916598
Unordered ulysses22 8 16 4 5 64 2689.048053814
Unordered ulysses22 16 32 4 5 128 2458.140579174
Unordered ulysses22 16 32 4 5 128 2467.139586336
Unordered ulysses22 16 32 4 5 128 2481.600913923
Unordered ulysses22 16 32 4 5 128 2499.666751398
Unordered ulysses22 16 32 4 5 128 2507.198643311
Unordered ulysses22 16 32 4 5 128 2515.536239099
Unordered ulysses22 16 32 4 5 128 2535.597373796
Unordered ulysses22 16 32 4 5 128 2542.048140818
Unordered ulysses22 16 32 4 5 128 2556.218789575
Unordered ulysses22 16 32 4 5 128 2567.312343695
Unordered ulysses22 17 50 4 5 200 2459.140019834
Unordered ulysses22 17 50 4 5 200 2470.281073805
Unordered ulysses22 17 50 4 5 200 2489.806059865
Unordered ulysses22 17 50 4 5 200 2489.882870206
Unordered ulysses22 17 50 4 5 200 2494.162493728
Unordered ulysses22 17 50 4 5 200 2494.607037737
Unordered ulysses22 17 50 4 5 200 2505.424725505
Unordered ulysses22 17 50 4 5 200 2505.902853693
Unordered ulysses22 17 50 4 5 200 2521.770296789
Unordered ulysses22 17 50 4 5 200 2530.893814215
